0 0 36 1 17 9 24 17 9 2 15 1 29 26 11 7 19
0 110 6 5 2
0 261 19
0 388 25 20 38 22 17 1 43 5 1 22 14 2 16 1 12 8 11 1 22 3 2 6 10 2 58 12 1 3 26 3 30 5 10 21 19 13 34 2 19 8 17 1 13 5 5 3 47 5 13
0 883 49 12 11 2 10 3 38 4 22 12 6 11 9 3 4 14 60 7 7 5 70 4 17
0 1039 28 1 38 1 4 10 12 3 51 11 10 11 18 5 1 27 27 6 8 9 3 6 34 11 9 5 19 9 1 11 3 8 7 39 36 6 4 8 30
0 1123 81 11 11 15 26 21 29 6 34 15 2 8 19 3 2 7 30 8 2 18 34 3 21 4 2 2 22 14 34 2 7 1 37 21 2 5 14
0 1731 16 23 66 37 6 2 10 5 29 11 15 7 3 37 16 2 6 3 7 5 28 1 30 1 79 3 1 1 25 3 4 30 15 28 8 3 21 9 13 51 3 19 16 2 1
0 1937 46 9 7 2 14 13 12 12 63 21 42 17 14 13 10 4 4 12 19 2 9 18 5 4 37 10 19 4 14 3 6 1 36
0 1948 2 1 12 34 38 8 6 2 21 16 12 5 7 3 3
0 2048 10 9 126 23 11 2 32 38 64 13 8 23 6 9 5 57 18 15 7 6 1 28 7 21 23 6 2 17 39
0 2165 3 5 23 2 6 3 2 4 83 1 1 4 11
0 2198 17 9 3 7 3 6 13 5 67 4 13 8 20 5 11 3 29 23 18 14 6
0 2338 7 14 3 4 25 15 23 20 10 3 25 5 18 1 10 23 5 3 27 8 5 2 3 6 5 7 4
0 2664 5 6 14 7 6 18 37 45 14 21 4 23 51 28 3 20 4 10 122 5 1 3 45 7 3 10 18 5 27 12 35
0 2670 45 14 28 10 66 1 23 38 28 18 24 2 28 1 13 4 9 27 55 3 4 7 19 11 1 14 13 21 18 2 17 10 109 9 4 30 13 16 8 12 13 33 8
0 2712 5 1 14 7 11 17 12
0 2726 2 4 15 6 14 11 23 5 12 6 5 4 65 53 18 14 22
0 2851 12 16 5 1 35
0 2926 4 29 5 5 3 1 10 24 30 6 4 28 90 28 15 1 1 1 34 3 3 26 9 55 4 2 36 12 18 3 16 4 3 9 15 4 91 14 14 25 1 11 10 8 17 3 11 9 20
0 2972 1 1 35 16 1 9 19 41 37 3 28
0 3021 25 8 21 34 1 30 8 11 1
0 3136 8 6 103 16 7 17 10 8 49
0 3147 10 19 59 10 8 19 8 7 19 5 28 6 4 6 9 11 18 1 21
0 3222 14 1 19 23 28 3 12 7 10 21 7 23 2
0 3276 7 21 22 11 28 7 4 8 3
0 3615 39 17 21 3 3 14 5 9 2 7 2 25 7 1 23 11 4
0 3846 95 7 24 4 2 20 36
0 3853 10 20 8 9 2 12 30 11 37 1 11 25 2 17 6 12 5 12 2 17 48 3 8 14 70 2 4 10 35 4 1 2 13 3 31 5 15 9 40 7 9 7 1 12 3 3 3 6 8 27 3 1 26 31 11 20 17 9 1 2 8 24 37 2 16 50 96 23 4 4 7 3 3 27 3 6 7 8 6 41 12 14 11 4 27 1 15 1 45 1 22 8 8 1 8 14 29 4 8 1 8 3 5 1 1 11 18 2 31 1 3 27 1 9 15 14 3 6 8 11 29 24 17 7 10
0 4263 26 5 29 43 1
0 4429 25 11 6 29 1 2 5 9 24
0 4486 78 1 17 6 8 7 4 10 3 3 3 5 19 27 1 5 17 16 15 11 4 6 6 3 1 17 4 12 40 4 69 13 9 27 41 2 4 23 2 5 30 20 27 6 10 9 15 23 34 3 6 16 14 37 6 3 8 4 11 8 4 4 6
0 4966 13 11 26 4 32 14 10 34 15 7 48 13 31 15 4 3 21 9 5 15 3
0 5483 43 12 8 26 4 11 48 6 4 20 5 5 22 6 27 11 43 2 27 2 7
0 5494 7 38 44
0 5694 16 17 55 8 3 9 6 2 87 4 16 6 1 7 23 17 11 15 9 7 3
0 5756 29 1 31
0 5772 49 1 10 11 17 11 8 4 26 3 14 7 24 20 6 11 62 4 1 7 11 15 5 1 7 19 10 25 5 1 3 2 42 6 5 31 10
0 5774 17 24 40 11 10 16 19 12 7 25 19 50 27 8 10 9 25 17 1
0 5813 17 21 10
0 5891 37 8 29 9 43 27 2 19 7 2 21 2 43 12 22 8 26 8 25 5 11 3 37 1 14 22 8 22 29 11 30 9 7 53 3 25 6 8 110 6 19 15 31 1 11 17 22 10 8 4 35
0 5913 7
0 6055 109 71 12 11 47 17 10 3 12 5 64 1 7 24 42 1 15 3 7 15 4 5 42 1 27 15 8
0 6130 30 3 49 12 55 5 2 8 3 1 8 39 9 4 4 2 8
0 6157 13 24 2 15 8
0 6266 31 13 47 1 3 33 25 9 2 3 14 13 8 8 3 15 12 12 1
0 6291 22 10 87 5 9 14 10 63 13 1 7 31 5 26 46 23 2 4 60 22 50 19 2 1 9
0 6326 90 42 60 2 37 2 6 11 5 3 41 16 30 2 9 8 18 10 21 10 31
0 6464 37 4 6 1 1
0 6481 1 2 2
