0 0 36 3 17 26 24 50 9 4 15 1 29 77 11 19 19 5 15 9 9 2 1
0 136 49 26 25 59 38 66 17 2 43 13 1 65 14 5 16 1 12 24 11 2 22 7 2 17 10 6 58 36 1 9 26
0 360 9 15 41 29 25 51 3 29 16
0 363 13 15 5 9 47 14 13 33 66 74 24 16 3 15 6 57 7 33 24 9 21 13 6 5 28 90 13
0 424 70 10 17 59 21 42 1 57 1 5 19
0 463 51 31 10 31 18 15 1 80 27 18 8 27 3 18 34 31 9
0 602 18 1 21 4 16 10 77 54 11 5 15 44 36 17 81
0 685 29 39 41 44 11 51 30 3 15 28 6 3 13 45 15 2 35 50 6 31 7 3 3 32 28 50 4 10 1 55 42 3 10
0 1017 82 23 45 99 73 8 4 14 10 43 22 22 13 4 73 24 3 9 6 10 9
0 1020 30 3 79 7 1 3 25 9 4 88 15 84 8 8 21 26 13 152 3 57 16 4 1 49 28 68 17 10 4 20 25 18 24 95 41 63 33 21 26 15 7 6 24
0 1043 9 53 5 12 37 30 19 11 14 9 6 3 36 22 2 2 2 18 67 56 15 9 3 31 31 18 9 11 5
0 1254 14 15 17 188 46
0 1280 32 113 64 37 8 69 6 27 5 169 18 43 7 17 1 82 7
0 1449 11 3 33 58 12 24 3 13 23 6 6 9 2 12 83 1 1 10 11 31 5 25 17 4 13 4 11 20 9 100 7 20 16 30 10 16 5 44 46 27 28 9 27 28 7 42 3 12 25 44 23 58 10 9 25 14 18 2 10 68 5 7 27
0 1486 4 4 12 8 13 6 31 66 5 18 14 21 6 53 37 134 14 61 4 69 51 83 3
0 1509 19 182 9 1 6 68 13 4 19 26 9 41 23 53 43 2 45 41 28 30 66 3 23 114 28 53 24 6 28 1 13 11 9 81 55 8 4 20 19 31 1 40 13 63 18 6 17 28 109 27 4 89 13 47 8 34 13 99 8
0 1551 5 2 14 20 11 51 12 25 2 3 7
0 1631 14 32 23 15 12 16 5 10 65 157 18 41 22 8 17 17 32 7 2 53 49 15 4
0 1664 10 4 1 15 48 45 11 5 55 135 55 22 1 1 2 51 6 4 52 13 110 6 4 54 23 27 6 24 8 4 17 23 8 136 28 21 50 1 21 15 16 25 6 16 17 29 11 10 1 3 35 46 1 26 19 121 37 9 28 13 7 38 16 31 67 2 59 12 21 2 9 23 8 18 103 47 7 50 10 22 49 27 2 14 38
0 1801 8 57 8 21 19 15 28 18 4 18 9 33 18 2 21 18 10 20 1 28 45 41 6 17 14 14 41 10 46 3 9 11 7 61 22 32 28 21 4 24 3 25 46 58 34 32 5 5 28 7 17 3 13 2 49 11 2 34 22 6 6 47 95 19 24 10 2 58 36 186 1 14 39 12 17 3 24 44 22 55 2 16 50 3 34 9 23 7 24
0 2046 48 8 8
0 2569 4 6 19 52 7 2 3 19 6 46 10 23 17 60 14 13 14 1 24 5 6 5 11 11 54 4 2 38 62 16 40 25 17 1 4 12 47 55 3 23 99
0 2911 4 11 7 9 3 80 3 17 7 24 6 122 12 40 11 12 27 2 15 2 45 1 22 23 8 2 8 41 29 11 8 2 8 9 5 3 1 33 18 4 31 2 3 79 1 26 15 40 3 18 8 31 29 71 17 19 10 7 55 38 9 43 85 1 9 34 25 31 6 85 1 5 5 27 24 93 8 116 1 26 12 11 14 6 20 4 5 4 10 28 54 1 10 25 32 23 21 5 11 9 5 1 33 6 23 60 7 103 25 14 53 61 4 5 45 3 10 45 40 40 11 15 17 22 46 50 5 9 32 21 74 9 5 12 8 16 15 6 7 9 21 96 13 31 26
0 3148 27 15 68 23 14 71 26 46 29 6 5 31 18
0 3362 3 32 69 65 23 12 51 6 22
0 3442 4 58 5 15 22 16 27 33 43 5 27 4 7 4 2 11 75 66 21 40 16 51 55 22 3 25 6 4 87 12 16 17 1 20 23 49 11 45 9 20 3 3 9 43 1 46 37 4 49 2 10 32 17 32 8 10 26 8 14 21 24 58 6 32 62 12 1 20 11 43 5
0 3493 37 15 49
0 3501 3 4 42 16 5 91 10
0 3503 17 70 40 33 10 48 19 34 7 74 19 150 27 24 10 25 25 51 1 3 6 25 42 14 50 16 37
0 3719 17 64 53 3 37 10 3 32 4 64 23 33 15 39 15 38 9 17 6 55 2 21 44 12 43
0 3875 30 27 7 158 3 75 6 22 110 16 19 44 31 3 11 50 22 29 8 12 35 1 3 10 27 29 109 211 12 31 47 50 10 9 12 15 64 2 7 71 42 2 15 8 7
0 3904 10 63 2 40 29 12 16 15 30 7 49 36 55 15 2 23 3 1 8 116 9 10 4 6 8 7 4 19 48 3 30 12 19 22 31 38 47 3 3 97 25 25 2 8 14
0 3959 15 5 29 18 23 1 24 5 22 28 87 13 9 42 10 187 13 2 7 92 5 76 46 69 2 12 60 64 50 56 2 2 9 30 5 135 83
0 3984 37 6 6 31 5 9 41 48 30 5 9 23 18 30 21 29 31 6 19 55 8 9 2 2 2 4 1 6 2 49 14 63 18 10 11 4 11 35 21 19 4 31 3 52 7 5 12 66 27 4 84 44 71 22 24 46 12 85 60 52 1 23 2 31 1 12 9 10 26 50 84 39 27 63 4 24 5 16 8 117 4 13 11 15 49 65 23 18 19 32 86
0 3985 8
0 4023 6 20 1
0 4138 2 76 42 6 27 63 44 22 12 7 43 22 13 28 22 50 16 23 15 63 17 51 33 68 18 31 4 65 40
0 4141 20 150 8 7 22 24 1 2 22 53 22 33 10 6 13 20 6 7 27 16 7 35 14 15 14 60 4 38 43 74 12 239 1 14 66 11 2 45 21 30 7 1 20 3 14 6 63 13 8 40 12 21 14 1 1 1 33 43 14 4 4 6 36 2 8 22 34 27 19 4 4 18 7 3 17 17 5 22 1 14 11 10 8 8 1 6 5 21 36 9 31 1 30
0 4183 8 1 39 26 3 39 23
0 4253 51 24 39 34 7 9 49 31 8 13 32 22 27 15 20 29 9 8 13 8 2 28 10 13 8 56 13 29 6 20 62 29 15 26 7 45 22 4 18 29 22 11 10 20 24 18 2 2 3 8 12 45 10 52 26 19 2 110 5 49 18 7 22 4 3 16 59 11 23 37 17 88 7 4 10 11 69 6 142 18 5 25 17 1 26 18 34 82 43 6 11 66 18
0 4295 5 22 51 17 8 28 23 71 14
0 4346 31 17 1 1 13 35 28 19 10 7 55
0 5166 29 44 9 2 10 8 38 4 29 29 21 149 11
0 5236 11 25 46 4 14
0 5254 67 4 14 41 26 4 4 78 28 8 12 33 6 8 5 37 26 18 3 50 33 12 3 23 21 9 12 2 3 28 10 3 20 19 8 8 11 53 7 8 41 8 6 22 18 9 32 132 24 12 29 63 34 10 20 25 36 23 4 44 26 7 11 13 17 26 6 33 50 95 41 49 9 54 12 17 8 67 55 9 32 40 39 81 43 1 9 5 4 20 13 2 9 6 4 2 1 51 17 33 6 1 11 5 10 37 2
0 5308 86 11 30 17 3
0 5497 51 17 7 62 8 29 3 2 14 16 23
0 5698 48 4 28 23 17 17 12 36 2 51 20 3 3 27 4 62 3 72 3 38 16 10 1 2 7 18 6 9 6 18 26 1 7
0 5832 32 17 15 13 7 3 1 13 70
0 6142 16 4 9 52 60 12 17 34 26 26 8 1 3 1 2 17 25 6 19 60 11 1 5 18 16 41 39 9 3 20 12 2 9 38 26 9 60 33 53 3 8 25 6
