0 0 36 4 17 44 24 83 9 7 15 1 29 128 11 31 19
0 110 6 21 2
0 261 19
0 388 25 98 38 110 17 3 43 22 1 109 14 8 16 1 12 39 11 3 22 11 2 28 10 10 58 60 1 15 26 12 30 22 10 102 19 62 34 7 19 40 17 1 13 25 5 15 47 22 13
0 883 49 59 11 6 10 14 38 17 22 60 6 51 9 15 4 69 60 31 7 21 70 16 17
0 1039 28 1 38 3 4 47 12 13 51 52 10 51 18 25 1 133 27 29 8 45 3 30 34 51 9 25 19 43 1 52 3 40 7 192 36 26 4 37 30
0 1123 81 54 11 73 26 101 29 26 34 74 2 38 19 15 2 31 30 37 2 87 34 13 21 16 2 6 22 70 34 9 7 1 37 105 2 24 14
0 1731 16 111 66 181 6 10 10 24 29 54 15 33 3 183 16 7 6 15 7 21 28 1 30 4 79 11 1 4 25 14 4 146 15 140 8 14 21 43 13 254 3 95 16 6 1
0 1937 46 42 7 10 14 62 12 59 63 101 42 81 14 65 10 17 4 60 19 8 9 87 5 19 37 49 19 18 14 14 6 5 36
0 1948 2 3 12 167 38 38 6 6 21 78 12 22 7 13 3
0 2048 10 41 126 114 11 9 32 188 64 62 8 115 6 45 5 281 18 71 7 28 1 137 7 103 23 26 2 81 39
0 2165 3 21 23 10 6 14 2 20 83 1 1 17 11
0 2198 17 41 3 32 3 26 13 23 67 17 13 40 20 23 11 11 29 113 18 69 6
0 2338 7 69 3 20 25 72 23 96 10 15 25 23 18 2 10 114 5 11 27 36 5 9 3 29 5 31 4
0 2664 5 30 14 35 6 88 37 223 14 101 4 115 51 139 3 97 4 47 122 22 1 15 45 31 3 47 18 23 27 57 35
0 2670 45 67 28 49 66 5 23 190 28 87 24 10 28 1 13 19 9 135 55 12 4 33 19 51 1 66 13 105 18 9 17 46 109 44 4 148 13 77 8 56 13 165 8
0 2712 5 3 14 33 11 85 12
0 2726 2 17 15 27 14 53 23 24 12 27 5 17 65 262 18 68 22
0 2851 12 80 5 4 35
0 2926 4 141 5 23 3 1 10 119 30 26 4 137 90 136 15 3 1 4 34 15 3 128 9 273 4 8 36 56 18 14 16 20 3 42 15 19 91 70 14 124 1 52 10 40 17 15 11 41 20
0 2972 1 4 35 77 1 43 19 201 37 15 28
0 3021 25 39 21 167 1 146 8 51 1
0 3136 8 29 103 77 7 83 10 36 49
0 3147 10 95 59 46 8 95 8 34 19 25 28 29 4 30 9 55 18 2 21
0 3222 14 2 19 112 28 15 12 35 10 101 7 115 2
0 3276 7 102 22 53 28 34 4 40 3
0 3615 39 83 21 13 3 70 5 41 2 31 2 122 7 5 23 55 4
0 3846 95 32 24 17 2 96 36
0 3853 10 96 8 43 2 59 30 55 37 5 11 125 2 85 6 58 5 60 2 82 48 14 8 68 70 8 4 46 35 18 1 6 13 15 31 24 15 43 40 35 9 34 1 59 3 13 3 26 8 135 3 5 26 153 11 100 17 41 1 9 8 117 37 6 16 248 96 114 4 18 7 15 3 133 3 27 7 40 6 202 12 66 11 19 27 3 15 3 45 2 22 38 8 3 8 68 29 18 8 3 8 15 5 4 1 54 18 7 31 4 3 132 1 42 15 67 3 30 8 52 29 119 17 31 10
0 4263 26 22 29 212 1
0 4429 25 51 6 141 1 9 5 44 24
0 4486 78 1 17 28 8 33 4 49 3 12 3 25 19 135 1 25 17 80 15 51 4 27 6 11 1 81 4 56 40 16 69 62 9 131 41 10 4 113 2 24 30 100 27 27 10 41 15 115 34 13 6 79 14 184 6 11 8 19 11 36 4 17 6
0 4966 13 52 26 20 32 68 10 170 15 35 48 63 31 71 4 13 21 45 5 72 3
0 5483 43 58 8 128 4 55 48 27 4 96 5 25 22 27 27 54 43 8 27 7 7
0 5494 7 187 44
0 5694 16 84 55 36 3 42 6 6 87 20 16 29 1 33 23 82 11 75 9 33 3
0 5756 29 1 31
0 5772 49 2 10 54 17 52 8 17 26 13 14 35 24 96 6 53 62 20 1 34 11 72 5 5 7 91 10 122 5 3 3 6 42 26 5 151 10
0 5774 17 116 40 54 10 80 19 56 7 124 19 249 27 39 10 42 25 85 1
0 5813 17 104 10
0 5891 37 40 29 42 43 131 2 93 7 6 21 9 43 56 22 36 26 37 25 22 11 13 37 3 14 108 8 107 29 52 30 45 7 262 3 124 6 36 110 26 19 72 31 5 11 83 22 47 8 20 35
0 5913 7
0 6055 109 352 12 51 47 83 10 15 12 25 64 3 7 118 42 4 15 12 7 74 4 24 42 4 27 71 8
0 6130 30 12 49 59 55 24 2 37 3 1 8 194 9 17 4 10 8
0 6157 13 119 2 74 8
0 6266 31 62 47 5 3 162 25 41 2 13 14 62 8 37 3 73 12 57 1
0 6291 22 46 87 21 9 70 10 312 13 3 7 153 5 126 46 114 2 20 60 106 50 93 2 2 9
0 6326 90 206 60 9 37 10 6 51 5 14 41 80 30 8 9 38 18 50 21 48 31
0 6464 37 20 6 4 1
0 6481 1 10 2
