0 0 36 15 17 174 24 331 9 26 15 4 29 512 11 123 19
0 110 6 83 2
0 261 19
0 388 25 392 38 440 17 12 43 86 1 433 14 30 16 3 12 155 11 12 22 44 2 111 10 40 58 240 1 60 26 48 30 87 10 408 19 247 34 25 19 157 17 4 13 97 5 60 47 88 13
0 883 49 236 11 22 10 55 38 66 22 237 6 202 9 57 4 276 60 123 7 81 70 63 17
0 1039 28 3 38 9 4 185 12 52 51 205 10 204 18 100 1 531 27 114 8 179 3 120 34 204 9 100 19 171 1 208 3 160 7 765 36 104 4 145 30
0 1123 81 214 11 290 26 404 29 102 34 293 2 149 19 59 2 124 30 145 2 347 34 52 21 61 2 24 22 279 34 33 7 2 37 420 2 95 14
0 1731 16 441 66 723 6 40 10 95 29 215 15 130 3 730 16 25 6 59 7 82 28 4 30 16 79 43 1 16 25 56 4 583 15 558 8 53 21 172 13 1013 3 377 16 21 1
0 1937 46 168 7 39 14 245 12 234 63 401 42 324 14 257 10 66 4 237 19 31 9 348 5 76 37 194 19 71 14 55 6 17 36
0 1948 2 11 12 667 38 150 6 24 21 309 12 88 7 50 3
0 2048 10 161 126 454 11 35 32 749 64 246 8 460 6 179 5 1122 18 282 7 111 1 547 7 410 23 104 2 323 39
0 2165 3 81 23 40 6 56 2 77 83 1 1 65 11
0 2198 17 164 3 125 3 104 13 90 67 65 13 160 20 91 11 41 29 451 18 276 6
0 2338 7 276 3 79 25 288 23 382 10 59 25 92 18 7 10 453 5 43 27 143 5 34 3 114 5 124 4
0 2664 5 117 14 140 6 352 37 892 14 404 4 460 51 553 3 385 4 185 122 88 1 60 45 123 3 185 18 89 27 228 35
0 2670 45 268 28 195 66 18 23 757 28 348 24 38 28 1 13 73 9 539 55 48 4 130 19 201 1 263 13 419 18 36 17 182 109 176 4 589 13 307 8 224 13 658 8
0 2712 5 10 14 131 11 337 12
0 2726 2 65 15 106 14 210 23 95 12 107 5 65 65 1045 18 271 22
0 2851 12 318 5 15 35
0 2926 4 562 5 91 3 4 10 475 30 104 4 548 90 543 15 9 1 14 34 57 3 512 9 1092 4 32 36 222 18 56 16 77 3 167 15 74 91 278 14 493 1 205 10 159 17 59 11 162 20
0 2972 1 15 35 305 1 171 19 804 37 58 28
0 3021 25 153 21 668 1 582 8 202 1
0 3136 8 116 103 307 7 329 10 144 49
0 3147 10 379 59 182 8 379 8 135 19 100 28 116 4 118 9 219 18 7 21
0 3222 14 5 19 446 28 60 12 137 10 404 7 457 2
0 3276 7 406 22 212 28 136 4 160 3
0 3615 39 331 21 50 3 279 5 161 2 124 2 487 7 20 23 218 4
0 3846 95 126 24 67 2 382 36
0 3853 10 383 8 169 2 233 30 219 37 18 11 500 2 338 6 230 5 237 2 327 48 53 8 270 70 32 4 184 35 69 1 21 13 58 31 94 15 169 40 140 9 135 1 236 3 52 3 101 8 538 3 17 26 612 11 400 17 163 1 35 8 466 37 21 16 990 96 455 4 72 7 59 3 530 3 107 7 160 6 807 12 263 11 76 27 10 15 10 45 6 22 150 8 10 8 271 29 69 8 10 8 60 5 16 1 214 18 27 31 13 3 526 1 167 15 267 3 120 8 205 29 474 17 123 10
0 4263 26 87 29 845 1
0 4429 25 202 6 563 1 34 5 175 24
0 4486 78 2 17 111 8 132 4 193 3 47 3 97 19 537 1 100 17 317 15 201 4 105 6 42 1 322 4 224 40 64 69 245 9 522 41 38 4 450 2 96 30 400 27 106 10 164 15 460 34 49 6 316 14 733 6 44 8 75 11 143 4 68 6
0 4966 13 207 26 77 32 270 10 680 15 137 48 252 31 281 4 50 21 177 5 285 3
0 5483 43 230 8 510 4 220 48 107 4 383 5 100 22 107 27 215 43 32 27 26 7
0 5494 7 748 44
0 5694 16 335 55 143 3 166 6 21 87 77 16 114 1 129 23 326 11 300 9 131 3
0 5756 29 1 31
0 5772 49 8 10 214 17 208 8 66 26 49 14 139 24 384 6 210 62 77 1 133 11 285 5 18 7 364 10 486 5 10 3 22 42 103 5 602 10
0 5774 17 461 40 216 10 319 19 224 7 493 19 996 27 155 10 165 25 339 1
0 5813 17 413 10
0 5891 37 160 29 166 43 522 2 369 7 21 21 34 43 224 22 144 26 147 25 86 11 51 37 12 14 432 8 425 29 208 30 179 7 1048 3 495 6 144 110 102 19 287 31 20 11 332 22 188 8 79 35
0 5913 7
0 6055 109 1405 12 204 47 330 10 58 12 98 64 10 7 472 42 13 15 48 7 293 4 96 42 15 27 284 8
0 6130 30 45 49 234 55 96 2 147 3 3 8 773 9 66 4 38 8
0 6157 13 476 2 295 8
0 6266 31 248 47 19 3 646 25 163 2 51 14 246 8 148 3 290 12 227 1
0 6291 22 182 87 81 9 280 10 1246 13 12 7 609 5 503 46 455 2 79 60 424 50 372 2 7 9
0 6326 90 823 60 34 37 38 6 203 5 56 41 319 30 32 9 150 18 197 21 192 31
0 6464 37 78 6 15 1
0 6481 1 37 2
