0 0 1 27 9
0 161 6
0 178 4 4 19 6 14 65 55 43 21 71 16 42 52 2 4 13 1 4 25 3 1 16 4 23 5
0 345 4 36 6 7 15 18 1 42 27 29 15 14 2 49 4 3 2 2 14 5 3 9 1 14 2
0 354 18 32 18
0 438 7
0 528 2
0 530 1 13 3
0 641 19 37 15
0 1039 7
0 1062 7 59 7 24 1 3 5 7 8 10 17 4 28 17 6
0 1378 2 60 29 30 1 2 1 10 17 68 2 3 27 89 1 45 20 34 1 18 9 110 3 8 3 23 3 14 1 31 14 33 6
0 1864 12
0 1985 3 9 5 2 21 11 8 27 10
0 1988 10 49 35 5 1
0 2449 2 5 5
0 2487 4 78 9 27 7
0 2539 18 34 7
0 2628 1 10 5
0 2663 25 28 10 9 4 5 4
0 2761 7 10 5
0 2864 1
0 2913 5
0 3009 2
0 3108 18 9 17 4 4
0 3351 2 6 16
0 3447 23
0 3558 19 2 15 38 1 1 3 1 2
0 3644 1 16 10
0 3742 3 6 15 23 3 8 27 12 7 33 16 38 10 6 10
0 3928 1 32 21 22 7
0 4271 4 34 11 23 10 2 1 4 8 10 1 20 24 17 9 13 1 14 10 15 4 7 6 2 3
0 4367 4 20 6 25 4 15 14
0 4394 14 36 10 15 3 18 10 5 4 12 1 37 39 14 8 22 2 129 7
0 4602 17 14 6 1 1 84 23 17 7 41 4 15 12 4 15 27 10
0 4676 9 11 29 13 23
0 4732 1 30 17 17 10
0 4866 4 11 6 21 2 14 2 48 6 53 2
0 4949 12 14 8 7 6 17 1 22 16 2 2 6 1 6 1 6 1 1 3 1 7 11 40
0 5041 1 37 2 13 3 4 20 23 1
0 5413 21 26 1 21 11 5 8
0 5428 1 4 20
0 5454 7 2 1 50 10 28 17 35 13 31 9 2 26
0 5541 2 28 7 24 4 8 12
0 5631 3 2 7
0 5682 9 43 2 11 11 61 2
0 5752 5 10 8 25 2 44 3
0 5865 19
0 5947 1 20 2 3 12 1 1 1 15 7 2
0 5974 15 16 8 6 2 14 11 4 6
