0 0 21
0 214 11 31 4
0 291 1 3 1 68 9
0 353 17 2 9 6 34 48 4 27 2 87 20
0 361 10 2 12 5 14
0 637 1 8 27 15 20 84 10 67 2 24 31 16 13 33 38 48 10
0 978 22
0 982 28 14 9
0 1084 3 18 8 3 15 17 31 13 5 17 3
0 1173 10 2 1 36 1 5 7
0 1713 1 11 16 28 5 4 1 19 28 45 19 8 11 8 12 37 2 10 43 15 9 1 5
0 1748 28 9 44 9 3
0 1807 2 21 4 32 19
0 1857 26 18 3 87 3 13 15 9 39 52 1 9 1
0 2211 12 31 14 12 6 4 8 104 5 13 23
0 2247 1
0 2453 5 5 3 1 11
0 2812 8 62 4 7 18
0 3823 8 14 6
0 3995 7 4 2 67 4 11 14 12 1 1 2 12 11 9 10 6 5 7 12 4 21 55 5
0 4016 2 7 18
0 4123 13 38 1 29 9 22 17 11 4 25 13 5 3
0 4294 6
0 4519 5 34 11 46 1 9 16 16 20
0 4573 8 5 3 22 7 47 13 12 13 12 4 14 5 27 7
0 4629 8 5 8 6 7 10 1 15 21 6 4 27 1 22 2 26 5
0 4955 4 4 5 12 17
0 5241 24 21 3 19 1 20 1 22 11 17 10 35 16 37 3 13 2
0 5423 1
0 5450 4 5 2 11 7
0 5680 15 12 14 3 19 17 1 1 7 81 14
0 5761 1
0 5779 16 3 10 49 13 4 35
0 5842 5 17 11 5 17
0 5865 13 36 5 3 9 28 3 22 33
0 6039 2
0 6802 4 14 11 11 3 1 27 9 1
0 6940 1 37 1 15 6
0 7347 2 15 4
0 7474 35 1 13 7 5 12 1 27 24
0 7496 4 38 5 13 5
0 7860 6 14 21
0 8004 27 5 13 31 6 11 18 11 15 8 2
0 8008 22 7 25 20 11 5 8 26 24 4 7 13 6 4 5 15 14 15 11
0 8674 4 6 7 6 1 10 7 43 2 15 3
0 8877 17 4 2
0 8927 2
0 9368 29 26 5
0 9412 20 1 4
0 9604 4 19 18
