0 0 7 20 13 19 2
0 698 28
0 868 15
0 899 11 24 33
0 1072 10
0 1155 3 55 15 33 14 15 5 19 1 26 1 70 3 39 19 43 1
0 1242 7 63 12
0 1407 2
0 1434 5 1 8 5 5 15 18 22 1
0 1650 2 5 5 36 20 29 8 54 1 3 5 7 1 3 4 27 2 9 7 7 1 2 1 6 15 5 4 7 7 26 6 1 16 9 3 6 1 46 1
0 1791 5
0 1900 12 16 6 15 9 17 39 2 10 4 16 23 25
0 1976 1 61 2 38 4 1 1 10 6 36 8 3 1
0 2003 11 15 3 10 3 25 7 41 1 46 12
0 2120 4 7 33 6 28
0 2128 2 9 3 19 22 3 30
0 2142 17 1 3
0 2372 6
0 3063 14 18 2 18 15 20 29
0 3208 8 34 4
0 3278 6 26 5 19 11
0 3577 6 30 13 53 1 3 11 3 1
0 3618 7 31 2
0 4307 1 9 8 16 9
0 4602 19 29 6 28 30
0 4906 17 38 8
0 5088 5
0 5111 10 7 21 19 8 6 2 30 14 22 2 14 6
0 5233 7 40 6 6 23
0 5242 2 7 6 98 22 74 23 4 3 7 3 1 8
0 6405 4 4 5 6 5
0 6546 7 9 7 3 2 2 2 49 16
0 6580 28 18 4 4 5 2 3 1 8 36 1
0 6808 8 5 1 16 31 4 3 14 9 1 24 24 53 171 3 19 13 22 4 12 18
0 6942 2 35 3 17 8
0 7055 15 5 13 26 5 26 26 30 19
0 7119 17 2 10 20 13 4 4 11 30 30 2
0 7230 36 16 14
0 7272 4 16 12 5 11 22 18 9 13 22 1 16 8
0 7359 37 38 4 10 7 37 2 11 7 6 19 7 33 3 16
0 7421 6 1 15 43 18
0 7431 11 15 2 16 8
0 7433 2 65 10 19 4 30 2 1 3 7 6 31 4 13 2
0 7512 2
0 7648 1 16 12
0 7649 27 22 16
0 7790 5 6 22 13 4 18 12 3 3 37 1
0 7899 6 20 5
0 8010 8 16 8 15 5
0 8179 6 4 10 8 2 7 4 26 11 7 31 21 16 22 12 1 11 29 6
