0 0 13
0 159 17 40 14 6 17
0 258 2 4 11
0 350 2 54 6 48 4 1 8
0 479 6 13 1 1 8
0 1123 33 15 9 57 4 13 21 36 5
0 1224 10 18 1
0 1330 6
0 1387 18 2 1 12 5 16 25 24 6 18 5
0 1626 16 15 14 49 2 16 8 2 5 19 15 9 18
0 1677 4 11 8 21 5 2 8 9 3 6 2 9 14 1 3 11 13 9 14 7 9 12 5
0 1781 10 34 15 7 12
0 2326 14 5 3 10 1
0 2550 12 11 18 4 26 5 11
0 2790 20
0 2792 1 13 17 23 11
0 2862 6 23 14
0 3098 4 8 11 21 8 13 12
0 3528 1 3 26 7 4 21 10 46 26
0 3548 13 11 3 70 4 11 2 7 5 1 1 8 4 3 11 53 9
0 3621 36 38 3 13 7 31 9
0 3634 14 2 2 1 13 11 17
0 3750 9 2 1 11 11
0 3791 1 27 13 6 2 19 4
0 4083 23 6 8 12 14 3 6 18 2 26 6
0 4510 16 21 11 12 1 27 12
0 4517 6 14 8
0 4567 1 9 24
0 5011 8 3 48 16 2
0 5029 3 48 3
0 5558 3 3 9 6 17
0 5815 21 2 21 20 5
0 5860 6 15 8
0 6431 9 7 1
0 6524 3 24 4
0 6537 8 15 7 4 20
0 6578 2 11 1
0 7006 16 13 8 45 6
0 7124 6 8 27 1 3 2 2
0 7328 7 39 4 39 9
0 7530 45 5 29 7 12 1 2 40 1 66 2 94 7
0 7601 15 23 7
0 7787 2 28 11 21 9 49 4
0 7837 28 3 7
0 7944 9 11 18 27 30 32 3
0 8034 2 21 11 14 4 64 4
0 8059 3 21 9
0 8091 18 1 20
0 8094 14 33 8 19 13
0 8147 7 40 1 30 10 17 2 83 2
