0 0 26
0 159 34 40 27 6 34
0 258 4 4 21
0 350 3 54 12 48 7 1 15
0 479 11 13 1 1 16
0 1123 65 15 18 57 8 13 41 36 10
0 1224 19 18 1
0 1330 12
0 1387 35 2 2 12 9 16 50 24 12 18 9
0 1626 32 15 28 49 4 16 16 2 10 19 29 9 36
0 1677 8 11 16 21 9 2 16 9 6 6 3 9 27 1 6 11 26 9 27 7 17 12 10
0 1781 20 34 30 7 24
0 2326 27 5 6 10 2
0 2550 23 11 36 4 52 5 21
0 2790 40
0 2792 1 13 34 23 21
0 2862 12 23 27
0 3098 7 8 22 21 16 13 23
0 3528 1 3 51 7 8 21 20 46 52
0 3548 25 11 6 70 8 11 4 7 9 1 2 8 8 3 21 53 18
0 3621 72 38 5 13 14 31 18
0 3634 28 2 4 1 25 11 33
0 3750 17 2 1 11 21
0 3791 1 27 26 6 4 19 7
0 4083 46 6 15 12 27 3 12 18 3 26 12
0 4510 31 21 21 12 2 27 23
0 4517 11 14 15
0 4567 2 9 47
0 5011 15 3 96 16 3
0 5029 5 48 5
0 5558 6 3 17 6 33
0 5815 41 2 41 20 10
0 5860 12 15 16
0 6431 18 7 1
0 6524 5 24 7
0 6537 16 15 14 4 40
0 6578 3 11 2
0 7006 31 13 16 45 12
0 7124 11 8 54 1 5 2 3
0 7328 13 39 8 39 18
0 7530 89 5 57 7 24 1 3 40 1 66 3 94 14
0 7601 29 23 14
0 7787 4 28 21 21 17 49 7
0 7837 55 3 13
0 7944 17 11 35 27 60 32 5
0 8034 3 21 21 14 8 64 8
0 8059 6 21 17
0 8091 35 1 40
0 8094 28 33 15 19 25
0 8147 13 40 1 30 19 17 4 83 3
