0 0 39
0 159 51 40 40 6 51
0 258 6 4 31
0 350 5 54 17 48 11 1 23
0 479 16 13 2 1 24
0 1123 98 15 27 57 11 13 62 36 14
0 1224 29 18 2
0 1330 18
0 1387 53 2 3 12 13 16 75 24 18 18 13
0 1626 48 15 42 49 6 16 24 2 15 19 44 9 54
0 1677 12 11 24 21 14 2 24 9 9 6 5 9 40 1 9 11 38 9 40 7 25 12 15
0 1781 30 34 44 7 36
0 2326 40 5 9 10 3
0 2550 35 11 53 4 77 5 31
0 2790 60
0 2792 1 13 51 23 31
0 2862 17 23 40
0 3098 11 8 33 21 24 13 34
0 3528 1 3 76 7 12 21 30 46 78
0 3548 38 11 9 70 12 11 6 7 13 1 2 8 11 3 31 53 27
0 3621 107 38 7 13 21 31 27
0 3634 41 2 6 1 38 11 49
0 3750 25 2 1 11 31
0 3791 1 27 39 6 5 19 10
0 4083 69 6 23 12 40 3 18 18 4 26 17
0 4510 47 21 32 12 3 27 34
0 4517 16 14 23
0 4567 3 9 71
0 5011 22 3 144 16 4
0 5029 7 48 7
0 5558 9 3 25 6 49
0 5815 61 2 62 20 14
0 5860 17 15 24
0 6431 27 7 1
0 6524 8 24 11
0 6537 24 15 20 4 60
0 6578 4 11 3
0 7006 47 13 23 45 18
0 7124 16 8 81 1 7 2 4
0 7328 19 39 12 39 27
0 7530 133 5 86 7 36 1 4 40 1 66 4 94 20
0 7601 43 23 20
0 7787 6 28 31 21 25 49 11
0 7837 83 3 20
0 7944 25 11 52 27 90 32 7
0 8034 5 21 31 14 11 64 11
0 8059 9 21 25
0 8091 53 1 59
0 8094 42 33 23 19 37
0 8147 19 40 1 30 28 17 6 83 4
