0 0 65
0 159 84 40 67 6 84
0 258 10 4 52
0 350 7 54 29 48 17 1 38
0 479 27 13 3 1 40
0 1123 162 15 45 57 19 13 103 36 24
0 1224 47 18 2
0 1330 30
0 1387 87 2 5 12 21 16 125 24 29 18 21
0 1626 80 15 70 49 10 16 39 2 24 19 73 9 90
0 1677 19 11 39 21 23 2 39 9 15 6 8 9 67 1 14 11 63 9 66 7 42 12 25
0 1781 50 34 73 7 60
0 2326 67 5 14 10 5
0 2550 57 11 89 4 129 5 51
0 2790 99
0 2792 1 13 85 23 52
0 2862 28 23 66
0 3098 17 8 55 21 39 13 57
0 3528 2 3 127 7 20 21 49 46 129
0 3548 63 11 14 70 20 11 10 7 22 1 4 8 19 3 52 53 44
0 3621 179 38 11 13 35 31 44
0 3634 68 2 9 1 62 11 81
0 3750 41 2 2 11 52
0 3791 1 27 65 6 9 19 17
0 4083 115 6 37 12 67 3 30 18 6 26 29
0 4510 78 21 53 12 4 27 56
0 4517 26 14 38
0 4567 4 9 117
0 5011 37 3 240 16 6
0 5029 12 48 12
0 5558 15 3 41 6 82
0 5815 101 2 103 20 24
0 5860 28 15 39
0 6431 45 7 2
0 6524 13 24 18
0 6537 40 15 34 4 100
0 6578 7 11 5
0 7006 78 13 38 45 30
0 7124 26 8 134 1 12 2 7
0 7328 31 39 19 39 45
0 7530 221 5 142 7 59 1 7 40 2 66 6 94 34
0 7601 71 23 34
0 7787 9 28 51 21 42 49 18
0 7837 137 3 33
0 7944 41 11 86 27 149 32 11
0 8034 8 21 52 14 19 64 19
0 8059 15 21 41
0 8091 88 1 99
0 8094 70 33 38 19 61
0 8147 32 40 1 30 46 17 9 83 6
