0 0 24 10 6 3 13 1 31 6 3 14 33 9 35 33 3 7 6 8 2 15 3 9 10 4 50 4 2 2 24 1 16 7 3 21 36 8 6
0 39 2 1 32 12 27 2 18 8 14 3 24 19 28 14 1 23 24 10 17 1 38 10 7 12 36
0 119 42 7 8 10 69 7 39 23 4 7 3 13 19 3 13 9 1 27 39 9 21 13 3 18 21 1 22 19 37 28 4 3 6 7 12 29 16 8 24
0 208 8 4 1 5 15 14 21 21 10 3 8 6 15 4 46 2 14 8 1 1 6 4 15 4 12 10 26 1 11 31 19 1 1 3 7 6 1
0 257 6 26 2 7 33 38 48 6 28 4 2 12 8 24 50 3 5 11 19 22 2
0 312 4 16 19 10 13 20 8 6 17 14 12 12 5 17 42 1 10 5 46
0 350 18 8 12 6 16 6 29 7 22 12 47 3 8
0 405 16 7 4 2 17 16 3 6 10 1 18
0 457 12 4 8 9 7 25 23
0 907 2 4 5 6 16 27 15
0 969 103 2 8 1 20 17 1 3 27 12 2 21 19 5 9 9 13
0 1075 9 31 3 3 7 5 2 17 34 5 3 12 21 7 19 8 40 11 1 1 3 2 1 18 79 1 7 14 13 10 24 9 48
0 1289 21 13 3 10 7
0 1306 4 54 20 2 13 3 134 4 1 2 4 5 5 8 49 1 16 5 25 5 31
0 1319 12 2 13 12 2 17 22 9 75 11 17 18 11 15 28
0 1342 102 10 7 26 25 18 2 9 1 22 29 9 12 30 25 8 1
0 1378 20 21 44 17 16 13 21 5 1 1 7 22 29 26 7 16 35 18 51 40 5 11 8
0 1386 9 3 2 1 8 1 12 2 39 25 16 13 61 8 20 27 8 7 9 2 9 20 1 8 2 4 15 6 19 5 82 1 4
0 1458 17 2 22 1 29 11 57 18 35 2 25 19 34 7 22 4 14 4 1 11 6 18 16 2 13 7 2 21 19 9 4 3 2 14 46 2 3 4 38 5 38 38 5
0 1675 19 15 9 8 12 10 4 5 3 3 9 40 25 1 6 10 6 69 22
0 2360 31 2 17 5 42 19 90 8 3 18 6 2 4 1 18 16 1 5 7 21 14 17 10 11 13 29 17 8 1
0 2591 26 13 6 7 43 9 6
0 2645 16 12 4 15 5 3 9 1 25 8 7
0 2705 3 2 9
0 2759 6 19 3 5 27 37 34 39 37 2 66 14 7 2 22 3 12 8 7
0 2878 1 5 8 16 29 12 10 4 34 9 12 16 68 20 2 22 19 8 39
0 2903 2 5 68 1 1 9 16
0 2938 13 3 8 20 7 37 11 4 15 16 30 4 3 1 46 7 29 1 2 4 13 19 38 8 17 12 8
0 3002 16 9 14 10 40 4 29
0 3077 11 2 10 1 5 13 21 1 13 1 12 4 25 15 38 17 3 7 7 2 41 17 4 2 4
0 3378 4 7 72 3 75 6 104
0 3677 15 5 3 22 105 14 1 10 29 18 50 25 24 47 53 14 3 1 13 5 59
0 3705 25 9 21 3 8 15 3
0 3859 30 20 68
0 3887 19 1 33 3 9 5 11 5 5 3 14 13 24 16 31 3 1 21 4 22 7 3 2 8 17
0 4022 5 2 20 1 8 4 18 11 26 23 20 2 12
0 4096 1 12 11 1 69
0 4163 5 9 13 4 12 17 18 3 35 14 110 8 15 4 25 6 6 10 7 18 6 17 23 29 21 21 47 9 58 4 22 4 2 25 1 8 31 39 71 9 4 5 10 3 9 14 12 7 20 2 91
0 4214 41 2 11 22 49 13 11 3 14 2 38 39 68
0 4234 2 1 15 8 9 9 38 2 12 4 4 2 2 2 13 11 9 1 8 1 19 4 39 5 10 5 18 7 13 5 5 26 8 2 28 3 30 4 21 9 21 2 12 7 10 10 26
0 4304 26 1 17 2 7 10 23 3 23 11 10 7 128 4 21 8 21 28 35 4 11 11 44 3 32
0 4442 2 10 5 3 3 1 24 11 2 10 4 3 20 3 11 7 3 7 20 11 17 3 16 8 6 1 7 11 3 8 17 12 20 9 3 8 16 20 21 5 1 43 7 14 50 7 25 4 28 2 12 16 7 3 31 15 22 4 68 5 8 26 30 18 9 11 6 2 32 3 6 9 13
0 4501 41 7 2 14 3 3 35 3 23 35 55 9 5 1 5 6 23 17 11 4 33 1 13 6 14 1 42 7 14 1 27 3 2 17 45 17 27 6 21 1 84 2 10 9 71 1 25 10 8 5 31 5 6 3 2 23 5 1 6 7 33 33 23 21 10 4 1 5 1 20 6 7 4 2 12 9 7
0 4536 27 14 33 26 7 54 16 2 19 1 5 5 54 13 24 9 2 6 45
0 4625 53 32 21 3 9 18 63 3 5 3 3 7 40
0 5126 17 16 13 6 27 15 1 8 38 7 62 14 1 14 12 8 2 23 3
0 5275 13 5 7 13 39 9 38 7 54 7 15 1 2 32 14
0 5444 19 9 11 2 40 10 49 10 33 40 4 3 6 4 55 15 11
0 5450 17 5 34 5 35 6 6 3 3 19 24 9 31 3 2 8 4 6 17 21 25 12 3 8 29 10 1 2 9 13 41 5 15 5 71 5 14 1 21 1 16 1 7 15 2 16 2 29 3 3 28 34 5 4 5 4 5 19 42 1 4 7 5 8 17 12 10 1 27 12 4 27 28 6 57 5 58 9 125
0 5661 11 9 64 2 20 2 9 41 1 7 2 2 25
