0 0 24 28 6 9 13 2 31 16 3 41 33 26 35 99 3 21 6 23 2 45 3 27 10 12 50 11 2 5 24 1 16 20 3 61 36 23 6
0 39 2 2 32 36 27 5 18 24 14 9 24 55 28 42 1 69 24 29 17 2 38 29 7 36 36
0 119 42 21 8 29 69 21 39 69 4 20 3 38 19 9 13 25 1 79 39 26 21 37 3 54 21 1 22 56 37 83 4 7 6 19 12 86 16 23 24
0 208 8 12 1 15 15 40 21 61 10 7 8 17 15 12 46 5 14 22 1 1 6 11 15 10 12 30 26 1 11 92 19 1 1 8 7 18 1
0 257 6 77 2 19 33 113 48 18 28 10 2 36 8 72 50 7 5 33 19 65 2
0 312 4 46 19 29 13 60 8 18 17 41 12 36 5 50 42 2 10 13 46
0 350 18 22 12 16 16 17 29 20 22 35 47 8 8
0 405 16 19 4 4 17 46 3 17 10 3 18
0 457 12 10 8 26 7 73 23
0 907 2 10 5 16 16 81 15
0 969 103 4 8 2 20 51 1 9 27 34 2 63 19 14 9 25 13
0 1075 9 92 3 8 7 15 2 50 34 15 3 34 21 21 19 24 40 32 1 1 3 5 1 52 79 1 7 42 13 28 24 27 48
0 1289 21 39 3 28 7
0 1306 4 161 20 4 13 8 134 10 1 4 4 14 5 24 49 1 16 14 25 13 31
0 1319 12 4 13 34 2 50 22 27 75 31 17 53 11 43 28
0 1342 102 30 7 77 25 52 2 25 1 66 29 27 12 88 25 23 1
0 1378 20 63 44 49 16 37 21 15 1 2 7 65 29 77 7 47 35 52 51 118 5 32 8
0 1386 9 8 2 2 8 3 12 5 39 73 16 38 61 23 20 80 8 21 9 4 9 59 1 23 2 12 15 17 19 13 82 2 4
0 1458 17 6 22 2 29 32 57 52 35 4 25 57 34 19 22 10 14 10 1 31 6 53 16 4 13 19 2 63 19 26 4 8 2 41 46 4 3 10 38 14 38 114 5
0 1675 19 45 9 23 12 30 4 15 3 9 9 118 25 2 6 29 6 206 22
0 2360 31 4 17 14 42 55 90 22 3 53 6 6 4 1 18 46 1 15 7 61 14 49 10 33 13 86 17 22 1
0 2591 26 37 6 19 43 25 6
0 2645 16 34 4 44 5 8 9 3 25 24 7
0 2705 3 4 9
0 2759 6 57 3 14 27 111 34 117 37 6 66 40 7 5 22 7 12 23 7
0 2878 1 14 8 46 29 34 10 12 34 25 12 48 68 58 2 66 19 23 39
0 2903 2 15 68 2 1 26 16
0 2938 13 8 8 58 7 110 11 11 15 47 30 10 3 2 46 19 29 1 2 12 13 57 38 22 17 35 8
0 3002 16 25 14 30 40 11 29
0 3077 11 6 10 3 5 39 21 2 13 1 12 12 25 45 38 51 3 21 7 6 41 49 4 6 4
0 3378 4 19 72 7 75 16 104
0 3677 15 14 3 66 105 40 1 28 29 52 50 74 24 139 53 40 3 2 13 13 59
0 3705 25 27 21 8 8 43 3
0 3859 30 60 68
0 3887 19 2 33 9 9 14 11 13 5 8 14 39 24 48 31 8 1 62 4 66 7 7 2 23 17
0 4022 5 5 20 1 8 12 18 32 26 69 20 4 12
0 4096 1 36 11 1 69
0 4163 5 26 13 11 12 51 18 8 35 41 110 23 15 11 25 16 6 29 7 52 6 50 23 85 21 63 47 26 58 11 22 10 2 75 1 22 31 115 71 27 4 14 10 8 9 41 12 21 20 6 91
0 4214 41 4 11 64 49 38 11 7 14 5 38 116 68
0 4234 2 2 15 22 9 26 38 4 12 12 4 5 2 5 13 31 9 2 8 3 19 12 39 14 10 15 18 19 13 15 5 77 8 5 28 9 30 12 21 25 21 4 12 21 10 28 26
0 4304 26 1 17 4 7 28 23 9 23 31 10 19 128 12 21 24 21 84 35 11 11 31 44 8 32
0 4442 2 29 5 8 3 2 24 31 2 29 4 9 20 8 11 20 3 20 20 31 17 9 16 22 6 2 7 31 3 22 17 36 20 26 3 23 16 59 21 14 1 127 7 40 50 20 25 10 28 4 12 47 7 9 31 44 22 12 68 15 8 76 30 54 9 33 6 4 32 9 6 25 13
0 4501 41 20 2 41 3 9 35 7 23 103 55 26 5 2 5 17 23 51 11 11 33 1 13 16 14 3 42 19 14 2 27 7 2 51 45 49 27 16 21 3 84 4 10 26 71 2 25 29 8 13 31 13 6 7 2 68 5 1 6 21 33 99 23 61 10 11 1 15 1 59 6 21 4 6 12 27 7
0 4536 27 41 33 78 7 160 16 5 19 2 5 13 54 39 24 26 2 16 45
0 4625 53 95 21 9 9 54 63 8 5 7 3 19 40
0 5126 17 46 13 17 27 44 1 23 38 21 62 41 1 41 12 23 2 67 3
0 5275 13 15 7 38 39 26 38 20 54 20 15 1 2 95 14
0 5444 19 25 11 4 40 30 49 30 33 120 4 7 6 12 55 43 11
0 5450 17 14 34 13 35 18 6 7 3 57 24 25 31 9 2 22 4 17 17 62 25 34 3 24 29 30 1 6 9 38 41 13 15 14 71 14 14 1 21 2 16 3 7 44 2 46 2 87 3 9 28 101 5 11 5 12 5 56 42 1 4 20 5 24 17 36 10 1 27 35 4 80 28 18 57 13 58 26 125
0 5661 11 26 64 5 20 5 9 121 1 19 2 5 25
