0 0 24 47 6 15 13 3 31 26 3 68 33 44 35 164 3 34 6 39 2 74 3 44 10 19 50 19 2 8 24 1 16 33 3 101 36 39 6
0 39 2 3 32 59 27 8 18 40 14 15 24 91 28 70 1 115 24 47 17 3 38 48 7 59 36
0 119 42 35 8 48 69 35 39 114 4 33 3 63 19 14 13 41 1 131 39 43 21 61 3 90 21 1 22 93 37 138 4 12 6 31 12 142 16 38 24
0 208 8 19 1 24 15 66 21 102 10 11 8 28 15 20 46 8 14 37 1 1 6 17 15 17 12 50 26 1 11 153 19 2 1 12 7 29 1
0 257 6 128 2 31 33 189 48 30 28 16 2 60 8 120 50 12 5 54 19 107 2
0 312 4 76 19 48 13 100 8 30 17 68 12 60 5 84 42 3 10 22 46
0 350 18 37 12 26 16 28 29 33 22 59 47 13 8
0 405 16 32 4 6 17 77 3 28 10 4 18
0 457 12 16 8 43 7 121 23
0 907 2 16 5 27 16 134 15
0 969 103 7 8 3 20 85 1 15 27 56 2 105 19 24 9 41 13
0 1075 9 153 3 14 7 24 2 83 34 25 3 56 21 34 19 40 40 54 1 1 3 7 1 86 79 2 7 70 13 46 24 45 48
0 1289 21 65 3 46 7
0 1306 4 268 20 7 13 13 134 17 1 6 4 23 5 39 49 2 16 22 25 21 31
0 1319 12 7 13 56 2 82 22 44 75 51 17 89 11 72 28
0 1342 102 49 7 128 25 86 2 42 1 110 29 44 12 146 25 38 1
0 1378 20 104 44 82 16 62 21 25 1 3 7 108 29 128 7 77 35 86 51 196 5 53 8
0 1386 9 13 2 3 8 5 12 9 39 121 16 64 61 38 20 133 8 35 9 7 9 97 1 38 2 20 15 28 19 22 82 4 4
0 1458 17 9 22 3 29 52 57 86 35 7 25 95 34 31 22 16 14 16 1 52 6 87 16 7 13 31 2 104 19 42 4 14 2 68 46 6 3 16 38 23 38 190 5
0 1675 19 75 9 38 12 50 4 24 3 14 9 197 25 4 6 48 6 343 22
0 2360 31 6 17 23 42 91 90 37 3 87 6 10 4 1 18 76 1 25 7 101 14 82 10 54 13 144 17 36 1
0 2591 26 62 6 31 43 42 6
0 2645 16 56 4 72 5 14 9 5 25 40 7
0 2705 3 6 9
0 2759 6 95 3 23 27 184 34 195 37 10 66 67 7 9 22 12 12 38 7
0 2878 1 23 8 76 29 57 10 19 34 41 12 79 68 96 2 110 19 38 39
0 2903 2 25 68 3 1 43 16
0 2938 13 12 8 96 7 182 11 18 15 78 30 17 3 3 46 32 29 1 2 20 13 94 38 36 17 59 8
0 3002 16 42 14 49 40 18 29
0 3077 11 9 10 5 5 65 21 3 13 2 12 19 25 74 38 84 3 34 7 10 41 81 4 10 4
0 3378 4 31 72 12 75 27 104
0 3677 15 22 3 109 105 66 1 46 29 86 50 123 24 231 53 66 3 2 13 21 59
0 3705 25 45 21 12 8 71 3
0 3859 30 100 68
0 3887 19 4 33 15 9 23 11 21 5 13 14 65 24 80 31 13 1 102 4 109 7 12 2 37 17
0 4022 5 9 20 1 8 20 18 53 26 115 20 6 12
0 4096 1 59 11 2 69
0 4163 5 44 13 19 12 84 18 13 35 68 110 39 15 18 25 26 6 49 7 86 6 83 23 142 21 105 47 43 58 18 22 17 2 125 1 36 31 192 71 45 4 23 10 14 9 68 12 35 20 9 91
0 4214 41 6 11 107 49 62 11 12 14 8 38 193 68
0 4234 2 4 15 37 9 43 38 6 12 20 4 8 2 9 13 52 9 4 8 4 19 20 39 22 10 25 18 31 13 24 5 128 8 8 28 15 30 19 21 42 21 6 12 34 10 47 26
0 4304 26 2 17 7 7 46 23 15 23 51 10 32 128 20 21 39 21 140 35 18 11 51 44 14 32
0 4442 2 48 5 13 3 4 24 51 2 49 4 15 20 13 11 34 3 34 20 51 17 15 16 36 6 3 7 51 3 37 17 59 20 44 3 38 16 99 21 23 1 211 7 66 50 33 25 17 28 6 12 78 7 15 31 73 22 19 68 24 8 127 30 89 9 54 6 7 32 15 6 41 13
0 4501 41 32 2 69 3 14 35 12 23 171 55 43 5 3 5 28 23 84 11 19 33 1 13 27 14 4 42 31 14 3 27 11 2 85 45 81 27 26 21 4 84 7 10 43 71 3 25 49 8 22 31 22 6 12 2 112 5 1 6 35 33 165 23 101 10 17 1 24 1 98 6 35 4 10 12 45 7
0 4536 27 68 33 130 7 266 16 8 19 3 5 22 54 64 24 43 2 26 45
0 4625 53 157 21 15 9 89 63 13 5 12 3 31 40
0 5126 17 77 13 28 27 73 1 38 38 35 62 68 1 68 12 37 2 112 3
0 5275 13 24 7 62 39 42 38 34 54 33 15 1 2 157 14
0 5444 19 41 11 6 40 50 49 50 33 200 4 11 6 20 55 71 11
0 5450 17 24 34 21 35 29 6 11 3 95 24 41 31 14 2 37 4 29 17 103 25 57 3 40 29 50 1 10 9 62 41 22 15 23 71 23 14 1 21 3 16 5 7 73 2 77 2 144 3 14 28 168 5 18 5 19 5 93 42 1 4 34 5 39 17 60 10 2 27 58 4 134 28 30 57 21 58 44 125
0 5661 11 43 64 8 20 8 9 201 1 31 2 8 25
