0 0 24 187 6 57 13 10 31 101 3 270 33 173 35 656 3 136 6 153 2 296 3 174 10 76 50 73 2 31 24 1 16 132 3 402 36 153 6
0 39 2 12 32 235 27 32 18 157 14 59 24 361 28 277 1 457 24 187 17 11 38 189 7 235 36
0 119 42 137 8 190 69 139 39 456 4 131 3 251 19 55 13 161 1 524 39 172 21 242 3 359 21 2 22 371 37 552 4 47 6 121 12 568 16 149 24
0 208 8 74 1 94 15 263 21 407 10 43 8 112 15 78 46 30 14 147 1 3 6 68 15 66 12 199 26 3 11 609 19 6 1 48 7 116 1
0 257 6 509 2 124 33 753 48 118 28 61 2 238 8 477 50 46 5 215 19 428 2
0 312 4 302 19 190 13 399 8 117 17 269 12 237 5 333 42 9 10 86 46
0 350 18 146 12 101 16 111 29 129 22 233 47 49 8
0 405 16 126 4 22 17 306 3 109 10 14 18
0 457 12 62 8 169 7 483 23
0 907 2 62 5 106 16 534 15
0 969 103 26 8 9 20 339 1 60 27 222 2 419 19 93 9 161 13
0 1075 9 609 3 53 7 94 2 330 34 100 3 221 21 135 19 157 40 213 1 2 3 28 1 344 79 5 7 277 13 182 24 179 48
0 1289 21 257 3 184 7
0 1306 4 1072 20 26 13 50 134 66 1 21 4 89 5 155 49 5 16 88 25 82 31
0 1319 12 27 13 224 2 328 22 176 75 204 17 353 11 286 28
0 1342 102 195 7 511 25 343 2 166 1 439 29 174 12 581 25 150 1
0 1378 20 414 44 327 16 245 21 100 1 9 7 432 29 511 7 308 35 341 51 782 5 211 8
0 1386 9 52 2 9 8 19 12 34 39 483 16 253 61 149 20 531 8 140 9 25 9 388 1 151 2 77 15 110 19 85 82 13 4
0 1458 17 34 22 10 29 207 57 344 35 25 25 378 34 121 22 64 14 63 1 206 6 348 16 25 13 121 2 414 19 168 4 53 2 270 46 22 3 64 38 91 38 760 5
0 1675 19 297 9 149 12 200 4 96 3 56 9 785 25 13 6 189 6 1371 22
0 2360 31 21 17 89 42 361 90 145 3 348 6 39 4 1 18 303 1 100 7 401 14 325 10 215 13 574 17 141 1
0 2591 26 245 6 121 43 165 6
0 2645 16 224 4 288 5 53 9 17 25 159 7
0 2705 3 21 9
0 2759 6 377 3 90 27 736 34 780 37 37 66 267 7 34 22 47 12 151 7
0 2878 1 90 8 302 29 226 10 75 34 163 12 314 68 382 2 437 19 152 39
0 2903 2 100 68 12 1 171 16
0 2938 13 48 8 384 7 727 11 70 15 312 30 66 3 10 46 126 29 3 2 79 13 375 38 144 17 233 8
0 3002 16 165 14 194 40 70 29
0 3077 11 34 10 17 5 257 21 11 13 5 12 74 25 295 38 335 3 136 7 38 41 323 4 37 4
0 3378 4 124 72 45 75 106 104
0 3677 15 88 3 434 105 263 1 182 29 341 50 492 24 924 53 261 3 8 13 84 59
0 3705 25 179 21 48 8 281 3
0 3859 30 400 68
0 3887 19 13 33 59 9 90 11 82 5 50 14 260 24 320 31 51 1 408 4 434 7 47 2 148 17
0 4022 5 33 20 3 8 80 18 209 26 459 20 22 12
0 4096 1 235 11 5 69
0 4163 5 173 13 73 12 334 18 50 35 272 110 153 15 70 25 102 6 193 7 342 6 330 23 566 21 420 47 169 58 69 22 67 2 499 1 141 31 765 71 179 4 89 10 54 9 269 12 139 20 36 91
0 4214 41 22 11 426 49 248 11 47 14 30 38 770 68
0 4234 2 13 15 146 9 171 38 21 12 78 4 29 2 34 13 206 9 13 8 15 19 78 39 88 10 97 18 121 13 94 5 509 8 32 28 60 30 75 21 165 21 23 12 135 10 186 26
0 4304 26 6 17 27 7 181 23 60 23 204 10 127 128 80 21 155 21 558 35 71 11 202 44 54 32
0 4442 2 190 5 50 3 13 24 201 2 193 4 58 20 52 11 133 3 133 20 202 17 58 16 144 6 9 7 203 3 147 17 235 20 173 3 149 16 393 21 90 1 844 7 264 50 132 25 66 28 22 12 310 7 58 31 289 22 75 68 95 8 505 30 356 9 216 6 25 32 58 6 163 13
0 4501 41 128 2 273 3 54 35 47 23 682 55 171 5 9 5 110 23 335 11 73 33 2 13 106 14 15 42 123 14 10 27 42 2 338 45 324 27 104 21 16 84 25 10 169 71 10 25 193 8 86 31 85 6 45 2 448 5 1 6 140 33 659 23 403 10 68 1 94 1 390 6 139 4 39 12 179 7
0 4536 27 270 33 520 7 1061 16 30 19 10 5 87 54 255 24 171 2 103 45
0 4625 53 628 21 58 9 356 63 52 5 46 3 122 40
0 5126 17 305 13 111 27 291 1 149 38 140 62 271 1 271 12 148 2 446 3
0 5275 13 95 7 248 39 168 38 133 54 130 15 4 2 628 14
0 5444 19 164 11 23 40 199 49 197 33 800 4 43 6 78 55 284 11
0 5450 17 93 34 83 35 116 6 44 3 377 24 163 31 54 2 145 4 113 17 410 25 225 3 157 29 200 1 38 9 248 41 87 15 91 71 91 14 1 21 12 16 20 7 292 2 306 2 576 3 55 28 669 5 71 5 76 5 371 42 4 4 133 5 155 17 239 10 6 27 232 4 534 28 118 57 81 58 173 125
0 5661 11 171 64 31 20 29 9 803 1 121 2 32 25
