0 0 12 19 3 6 7 1 16 11 2 27 17
0 257 33 3 7 6 8
0 479 2
0 547 4 50 4 2 2
0 548 8 14 2 41 18 16 3
0 587 1 2 16 24 14 4 9
0 687 3 24 19 28 14
0 1030 12
0 1152 1 38 10 7 12
0 1441 6 42 7 8 10 69 7 39 23
0 1539 2
0 1676 3 13 9 1 27 39 9
0 1857 2 36 11 1 11 38 19
0 1880 3 6 7 12 29 16 8 24 18 12 4 8 1 10 8
0 2033 21 10 3 8 6 15 4
0 2056 7 15 1 1 3 7 8 7 6 20 13 1 6
0 2195 1 1 3 7 6 1 11 7 3 51 1 13 17 76 24 12 14
0 2207 12 8 24
0 2241 3 22 10 43 1 19 4 4 16 19 10 13 20
0 2329 9 27 6
0 2363 17 42 1 10 5 46 6
0 2496 8 12 6
0 2579 15 13 11 24 24
0 2636 6 8 8
0 2663 2 17 16 3 6
0 2674 9 6 4
0 2721 4 17 4
0 2889 3 60 1 7 3 11 8 54 8 17 5 103 2
0 2896 10 34 1
0 3095 12 2 21
0 3165 5 17 7 32 8
0 3622 2 6 4
0 3635 17 34 5
0 3801 11
0 3942 8 40 11 1 1
0 3963 1
0 4554 1 7 14 13 10 24 9 48 3
0 4711 13 3 10 7 11 3 2 108 10
0 4803 3
0 4852 1 3 2 9 3 16 25 1 8 9 13 9 16 15 1 12 2 13 12 2 17 22 9 75 11 17 18 11 15 28 9 3 51 20 4
0 5037 18 2 9 1 22 29 9 12 30 25 8 1 11
0 5186 21 44 17
0 5370 11 10 1 1 4
0 5583 26 7 16 35 18 51 40 5 11 8 17
0 5644 3
0 5651 4
0 5738 2
0 6100 8 26 31 15 10 54 4 14 5 3 5
0 6101 8 2 4 15 6 19 5 82 1 4 22
0 6224 2 22 1
