0 0 11 8 39 17 12
0 101 31
0 192 36
0 201 4 2 7 13 10 12 5 19 20 35 12
0 367 6 48 6 3 17
0 382 24 3 5 5 2 6 1 6 6
0 478 3 31 5 1 15
0 611 9 48 14
0 658 43 48 3 70 14
0 662 10
0 699 6
0 862 11 5 30 8 31 15 3 13 7 22 11 29 9
0 1306 11 10 4
0 1347 12 5 2 56 39 18 12
0 1374 3
0 1433 28 31 52
0 1485 29 2 13
0 1549 3 13 5 1 4 10 24 16 46
0 1791 88 4 19 8 12 6 18 13 7 19 12 12 37 19 15
0 2125 1 6 2 4 26 8 2
0 2198 19 2 13 19 13 3 6
0 2324 12 12 5 36 26
0 2507 28
0 2896 13 39 7 7 20
0 2997 33 21 11 15 2 43 6
0 3221 8 10 4 3 32 39 5 44 40 2 5 17 1
0 3571 25 14 4 29 6
0 3781 18 17 9
0 4078 7 1 7
0 4115 40 43 6 23 12
0 4155 15
0 4435 13 5 16
0 4556 21 5 8 1 34 6 17 33 35
0 4690 11 64 8
0 4733 32 12 11 10 47 31 24 11 14 12 19 23 16 18 12 48 8 7 9 19 6 7 41 4 21
0 4831 2 6 13 14 6 2 34 7 2
0 5057 4 24 36 1 8 4 2
0 5486 2 3 6 5 32
0 5732 2
0 5764 24 23 3 6 2
0 5772 3 14 8
0 5981 38 31 9 24 30
0 6573 8
0 6604 7 2 22 16 2 5 3
0 6607 4
0 6897 16
0 6952 2 4 68 18 46
0 6965 10 1 8 34 1 2 7
0 7577 3 8 11 3 5
0 7653 18
