0 0 24 19 6 6 13 1 31 11 3 27 33
0 257 66 3 14 6 16
0 479 3
0 547 8 50 8 2 4
0 548 16 14 3 41 36 16 6
0 587 2 2 32 24 27 4 18
0 687 6 24 37 28 28
0 1030 24
0 1152 2 38 19 7 24
0 1441 11 42 14 8 19 69 14 39 46
0 1539 3
0 1676 6 13 17 1 53 39 18
0 1857 3 36 21 1 22 38 37
0 1880 5 6 13 12 57 16 15 24 36 12 8 8 1 10 15
0 2033 41 10 5 8 12 15 8
0 2056 14 15 1 1 6 7 15 7 12 20 26 1 11
0 2195 1 1 5 7 12 1 21 7 6 51 2 13 33 76 48 12 28
0 2207 24 8 48
0 2241 5 22 19 43 2 19 8 4 31 19 19 13 40
0 2329 17 27 12
0 2363 34 42 1 10 9 46 12
0 2496 15 12 11
0 2579 29 13 22 24 47
0 2636 11 8 16
0 2663 3 17 31 3 11
0 2674 18 6 7
0 2721 8 17 7
0 2889 6 60 2 7 5 11 16 54 15 17 9 103 3
0 2896 20 34 1
0 3095 23 2 42
0 3165 9 17 13 32 15
0 3622 3 6 7
0 3635 33 34 10
0 3801 21
0 3942 16 40 22 1 1
0 3963 1
0 4554 1 7 28 13 19 24 18 48 5
0 4711 26 3 19 7 21 3 4 108 20
0 4803 5
0 4852 1 3 4 9 5 16 49 1 16 9 25 9 31 15 2 12 3 13 23 2 33 22 18 75 21 17 36 11 29 28 17 3 102 20 7
0 5037 35 2 17 1 44 29 18 12 59 25 15 1 22
0 5186 42 44 33
0 5370 21 10 1 1 7
0 5583 52 7 31 35 35 51 79 5 22 8 33
0 5644 6
0 5651 8
0 5738 4
0 6100 16 26 61 15 20 54 8 14 9 3 9
0 6101 16 2 8 15 11 19 9 82 2 4 43
0 6224 4 22 1
