0 0 36 19 8 6 19 1 47 11 4 27 49
0 257 99 3 21 6 23
0 479 4
0 547 12 50 11 2 5
0 548 23 14 4 41 54 16 9
0 587 2 2 47 24 40 4 27
0 687 9 24 55 28 42
0 1030 35
0 1152 2 38 29 7 36
0 1441 16 42 21 8 29 69 21 39 69
0 1539 4
0 1676 9 13 25 1 79 39 26
0 1857 4 36 32 1 33 38 56
0 1880 7 6 19 12 86 16 23 24 54 12 11 8 2 10 23
0 2033 61 10 7 8 17 15 12
0 2056 20 15 1 1 9 7 22 7 17 20 39 1 16
0 2195 1 1 8 7 18 1 31 7 9 51 3 13 49 76 72 12 42
0 2207 36 8 72
0 2241 8 22 28 43 3 19 11 4 46 19 29 13 60
0 2329 25 27 17
0 2363 50 42 2 10 13 46 18
0 2496 22 12 16
0 2579 44 13 33 24 70
0 2636 16 8 24
0 2663 4 17 46 3 17
0 2674 27 6 11
0 2721 12 17 10
0 2889 9 60 3 7 7 11 23 54 22 17 13 103 4
0 2896 30 34 1
0 3095 34 2 63
0 3165 13 17 20 32 22
0 3622 4 6 11
0 3635 50 34 15
0 3801 31
0 3942 24 40 32 1 1
0 3963 1
0 4554 1 7 42 13 28 24 27 48 7
0 4711 39 3 28 7 31 3 5 108 29
0 4803 8
0 4852 1 3 5 9 8 16 74 1 24 9 38 9 46 15 3 12 4 13 34 2 50 22 27 75 31 17 53 11 43 28 25 3 153 20 11
0 5037 52 2 25 1 66 29 27 12 88 25 23 1 33
0 5186 63 44 49
0 5370 31 10 1 1 10
0 5583 77 7 47 35 52 51 118 5 32 8 50
0 5644 8
0 5651 11
0 5738 5
0 6100 24 26 91 15 29 54 12 14 13 3 13
0 6101 23 2 12 15 17 19 13 82 2 4 64
0 6224 6 22 2
