0 0 60 19 13 6 32 1 77 11 6 27 82
0 257 164 3 34 6 39
0 479 7
0 547 19 50 19 2 8
0 548 39 14 6 41 90 16 15
0 587 4 2 78 24 67 4 44
0 687 15 24 91 28 70
0 1030 58
0 1152 3 38 48 7 59
0 1441 27 42 35 8 48 69 35 39 114
0 1539 7
0 1676 14 13 41 1 131 39 43
0 1857 7 36 52 1 54 38 92
0 1880 12 6 31 12 142 16 38 24 89 12 18 8 3 10 38
0 2033 102 10 11 8 28 15 20
0 2056 34 15 1 1 14 7 36 7 28 20 65 1 27
0 2195 2 1 12 7 29 1 51 7 14 51 5 13 82 76 119 12 70
0 2207 60 8 120
0 2241 12 22 47 43 5 19 19 4 76 19 48 13 100
0 2329 41 27 28
0 2363 84 42 3 10 22 46 30
0 2496 37 12 26
0 2579 73 13 54 24 116
0 2636 26 8 39
0 2663 6 17 77 3 28
0 2674 44 6 18
0 2721 20 17 16
0 2889 15 60 4 7 11 11 39 54 36 17 21 103 7
0 2896 50 34 2
0 3095 56 2 105
0 3165 22 17 32 32 36
0 3622 6 6 18
0 3635 83 34 25
0 3801 51
0 3942 40 40 54 1 1
0 3963 2
0 4554 2 7 70 13 46 24 45 48 12
0 4711 65 3 46 7 52 3 9 108 49
0 4803 13
0 4852 2 3 8 9 13 16 122 1 40 9 62 9 77 15 5 12 7 13 56 2 82 22 44 75 51 17 89 11 72 28 41 3 254 20 18
0 5037 86 2 42 1 110 29 44 12 146 25 38 1 54
0 5186 104 44 82
0 5370 52 10 2 1 16
0 5583 128 7 77 35 86 51 196 5 53 8 82
0 5644 13
0 5651 18
0 5738 9
0 6100 40 26 151 15 48 54 20 14 21 3 21
0 6101 38 2 20 15 28 19 22 82 4 4 106
0 6224 9 22 3
