0 0 26 9 22
0 297 27 3 34 3 14 2 4 11 25 7 3 27 12 24 7 1 15 7 18 6 13 1 1 8 29 43 65 8 18 29 8 7 41 18 10
0 398 19 9 1 2 15 6 42 4 35 1 2 6 9
0 773 24 6 18 5 49 16 32 8 28 25 4 8 16 1 10 10 29
0 1043 89 4 8 6 16 11 9 1 16
0 1087 6 2 9 14 1 3 11 13 9
0 1138 17 6 10 7 14 10 34 15 7 12 17 37 27 3 6 5 2 14 30 12 11 18 4 26 5 11 1
0 1435 17 1 1 7 34 12 21 6 10 6 23 14 21 16 7 4 22 11 16 7 23 17 58 1 3 26 7 4 21 10 46 26 62
0 1622 11 3 70
0 1702 4 4 9 1 2 4 8 2 21
0 1833 22 5 72 19 5 7 14 16 18 11 2 14 2 2 1 13 11 17 17 8 17 1 1 6 21 11 6 1 27 13 6 2 19 4 38 20 46 3 15 6 27 2 12 9 3 13 12 13 57 16 21 11 12
0 2034 23 6 1
0 2134 15 3 7 1 9 24 15 30 15 2 96
0 2150 5 2 5 24 5 10 71 3 3 9 6 17 17 18 41 1 41
0 2220 7 3 12 8 16 6 77 9 7 1 6 7 5 12 7 8 2 8 15 7 4
0 2301 6 2 11 1 13 29 31 7 16 23 12 13 16 6 8 27 1 3 2 2 17 14 13 20 8 20 18 24 27 45 5 29 7 12 1 2 40 1 66 2 94
0 2369 10 15 23 7 22 13 4 14 21 11 17 25 7 6 7
0 2389 13 14 15 9 11 18 27 30 32 3 28 6 3 11 21 7 8 32 8 4 4 3 21 9 7 3 35 1 40 10 1 14 33 8 19 13 34 4 13 20 1 15 19 9 4 42 3 29 3 5 7 3 38 6 1
0 2655 11 5 63 11 1 6 27 8 9 8 12 1 3
0 2770 3 3 6 4 25 26 7 8 7 2 22 25 16 3 64 33 7 2 12 2 10
0 2892 21 19 48 4 7 8 15 3 11 17 3 1 6 23 27
0 3005 46
0 3107 25 14 84
0 3150 17 7 4 27 11 22 7 4 61 31 2 4 30 1 6
0 3193 23 24 34 6 38 10 5 52 17
0 3225 13 4 6 15 5 6 23 3 4 8 4 6 11 10 12 6 28 5 10 5 24 17 35 12 91 5 27 18 24 1 8 9 7 5 4 3 1 1 8 16 20
0 3433 52 5 3 1 1 11 14 18 93 7 7 5 12 2 34 2 61 14 8 12 9 6 51 7 59 1 20 13 14
0 3748 4 1 2 17 23 21 14
0 3844 9 1 17 34 12
0 3906 7
0 3942 1 27 13 8 17 1 3 1 37 8 36 33 9 25 52 22 6 24 73 9 3 3 67
0 3948 20 1 21 16 6 5 13 7 17 3 2 16 38 17 55
0 3957 14
0 3978 55 6 7 11 46 2 14 2 38 10 4 10 34 17 10
0 4361 23 6 44 42 3 12 30 13 30 5 32 7 33
0 4438 101
0 4463 32 16 19 2 3 8 12 8 10
0 4569 14 9 17 11 45 5 7 2 5 3 11 15 5 1 1 7 25 7 6 3 15 10 19
0 4588 1 4 4 6 30 6 23 4 35 6 5 8 44 3 3 4 8
0 4599 8 33 18 14 3 28 75 13 7 14 10 7 15 2 9 42 9 11 1 27 3 2 25 13 14 13 12 8 1 5 15 2 14 7 11
0 4675 2 20 16 5 25 7 14 9 6 10 5 3 53
0 4734 58 7 29
0 4737 47
0 4820 2 2 15 12 1 33 7 15 23 9 3 2 100 14 9 19 46 16 23 7 5 4 4 1 45 13 19 10 18 2 69 15 36 16 8 23 36 23 30 16 3 4 4 13 10 13 2 15 36 7 73 2 79 2 61 2 9 6 17 1 30 13 22 9 1 42 3 22 19 3 30 14 34 13 14 18 15 5 31
0 4837 28 2 27 1 1 3 67 1 10 3 21 4 2 11 1 5 7 6 14
0 5000 7 2 7 1 18 3 7 9 63 1 22 3 22 2 8
0 5088 10
0 5639 20 4 75 3 9 1 20 12 20 3 37 4 12 3 29
0 5738 38 14 12
0 6018 38 3 26 5 6 6 8 5 33 1 40 27 18 8 27 1 26 7 6 9 4 7 58 1 8 32 3 4 41 12 26 11 25 1 12 3 40 35 39 1 11 1 17 9 5 25 8
