0 0 26 27 22
0 297 27 8 34 9 14 6 4 31 25 19 3 80 12 71 7 1 15 19 18 16 13 2 1 24 29 129 65 23 18 85 8 19 41 54 10
0 398 19 27 1 5 15 18 42 12 35 3 2 18 9
0 773 24 18 18 13 49 48 32 23 28 74 4 23 16 2 10 29 29
0 1043 89 11 8 16 16 31 9 3 16
0 1087 6 5 9 40 1 9 11 38 9
0 1138 17 18 10 20 14 30 34 44 7 36 17 109 27 7 6 15 2 42 30 35 11 53 4 77 5 31 1
0 1435 17 1 1 19 34 35 21 16 10 17 23 40 21 48 7 12 22 32 16 19 23 51 58 1 3 76 7 12 21 30 46 78 62
0 1622 11 9 70
0 1702 4 10 9 1 2 11 8 5 21
0 1833 22 15 72 57 5 20 14 46 18 33 2 41 2 6 1 38 11 49 17 24 17 3 1 16 21 31 6 1 27 39 6 5 19 10 38 59 46 9 15 18 27 5 12 27 3 38 12 39 57 47 21 32 12
0 2034 23 17 1
0 2134 15 7 7 3 9 71 15 89 15 4 96
0 2150 5 4 5 72 5 30 71 9 3 25 6 49 17 52 41 3 41
0 2220 7 9 12 22 16 17 77 27 7 1 6 19 5 36 7 22 2 24 15 20 4
0 2301 6 4 11 3 13 86 31 20 16 67 12 38 16 16 8 81 1 7 2 4 17 41 13 58 8 58 18 71 27 133 5 86 7 36 1 4 40 1 66 4 94
0 2369 10 43 23 20 22 38 4 42 21 31 17 73 7 16 7
0 2389 13 40 15 25 11 52 27 90 32 7 28 18 3 32 21 21 8 96 8 11 4 9 21 25 7 7 35 2 40 30 1 42 33 23 19 37 34 11 13 59 1 44 19 25 4 124 3 86 3 13 7 9 38 16 1
0 2655 11 15 63 32 1 18 27 24 9 24 12 3 3
0 2770 3 7 6 11 25 77 7 24 7 6 22 74 16 7 64 97 7 4 12 5 10
0 2892 21 55 48 12 7 22 15 8 11 50 3 3 6 68 27
0 3005 46
0 3107 25 41 84
0 3150 17 21 4 81 11 64 7 10 61 92 2 12 30 3 6
0 3193 23 71 34 16 38 29 5 156 17
0 3225 13 11 6 44 5 17 23 7 4 22 4 16 11 28 12 17 28 14 10 15 24 50 35 36 91 13 27 54 24 3 8 25 7 13 4 9 1 1 8 48 20
0 3433 52 14 3 3 1 33 14 54 93 19 7 14 12 5 34 5 61 41 8 34 9 17 51 19 59 3 20 38 14
0 3748 4 2 2 49 23 61 14
0 3844 9 1 17 100 12
0 3906 7
0 3942 1 79 13 22 17 2 3 3 37 22 36 99 9 73 52 64 6 72 73 27 3 9 67
0 3948 20 1 21 48 6 14 13 20 17 9 2 46 38 50 55
0 3957 14
0 3978 55 18 7 33 46 6 14 4 38 30 4 28 34 49 10
0 4361 23 16 44 126 3 34 30 39 30 15 32 20 33
0 4438 101
0 4463 32 46 19 4 3 23 12 23 10
0 4569 14 27 17 33 45 14 7 6 5 7 11 45 5 2 1 21 25 20 6 9 15 30 19
0 4588 1 12 4 17 30 17 23 11 35 17 5 22 44 8 3 10 8
0 4599 8 98 18 42 3 82 75 37 7 42 10 19 15 5 9 126 9 32 1 81 3 4 25 37 14 39 12 23 1 15 15 5 14 21 11
0 4675 2 60 16 14 25 21 14 26 6 29 5 7 53
0 4734 58 21 29
0 4737 47
0 4820 2 5 15 36 1 98 7 43 23 25 3 5 100 40 9 56 46 46 23 20 5 10 4 1 45 38 19 29 18 4 69 44 36 47 8 69 36 67 30 47 3 11 4 39 10 38 2 44 36 19 73 4 79 5 61 4 9 17 17 2 30 37 22 25 1 125 3 65 19 8 30 42 34 39 14 53 15 13 31
0 4837 28 5 27 1 1 7 67 2 10 7 21 10 2 32 1 15 7 16 14
0 5000 7 4 7 2 18 7 7 27 63 1 22 7 22 5 8
0 5088 10
0 5639 20 12 75 8 9 3 20 35 20 8 37 11 12 9 29
0 5738 38 42 12
0 6018 38 7 26 15 6 18 8 14 33 3 40 81 18 24 27 1 26 21 6 25 4 20 58 3 8 95 3 10 41 36 26 31 25 1 12 8 40 104 39 3 11 2 17 25 5 75 8
