0 0 26 44 22
0 297 27 14 34 14 14 10 4 52 25 31 3 134 12 118 7 1 15 31 18 27 13 3 1 40 29 215 65 38 18 141 8 31 41 90 10
0 398 19 44 1 8 15 30 42 19 35 4 2 29 9
0 773 24 29 18 21 49 80 32 37 28 122 4 38 16 4 10 48 29
0 1043 89 17 8 26 16 51 9 4 16
0 1087 6 8 9 67 1 14 11 63 9
0 1138 17 30 10 33 14 50 34 73 7 60 17 182 27 12 6 24 2 69 30 57 11 89 4 129 5 51 1
0 1435 17 1 1 31 34 58 21 26 10 28 23 66 21 79 7 20 22 52 16 32 23 84 58 2 3 127 7 20 21 49 46 129 62
0 1622 11 14 70
0 1702 4 17 9 2 2 19 8 8 21
0 1833 22 25 72 94 5 32 14 77 18 55 2 68 2 9 1 62 11 81 17 39 17 5 1 26 21 51 6 1 27 65 6 9 19 17 38 98 46 14 15 29 27 8 12 44 3 64 12 65 57 78 21 53 12
0 2034 23 28 1
0 2134 15 12 7 4 9 117 15 148 15 7 96
0 2150 5 6 5 119 5 49 71 15 3 41 6 82 17 86 41 4 41
0 2220 7 15 12 37 16 27 77 45 7 2 6 31 5 59 7 36 2 40 15 34 4
0 2301 6 7 11 5 13 143 31 33 16 111 12 63 16 26 8 134 1 12 2 7 17 68 13 97 8 96 18 117 27 221 5 142 7 59 1 7 40 2 66 6 94
0 2369 10 71 23 34 22 62 4 69 21 51 17 122 7 26 7
0 2389 13 66 15 41 11 86 27 149 32 11 28 30 3 52 21 35 8 160 8 18 4 15 21 41 7 11 35 2 40 50 1 70 33 38 19 61 34 18 13 99 1 73 19 41 4 207 3 144 3 22 7 14 38 26 1
0 2655 11 24 63 53 1 30 27 40 9 39 12 5 3
0 2770 3 12 6 18 25 128 7 40 7 10 22 123 16 11 64 162 7 6 12 8 10
0 2892 21 91 48 19 7 37 15 12 11 84 3 4 6 113 27
0 3005 46
0 3107 25 68 84
0 3150 17 34 4 135 11 107 7 16 61 153 2 19 30 5 6
0 3193 23 118 34 26 38 48 5 260 17
0 3225 13 18 6 73 5 27 23 11 4 37 4 27 11 47 12 29 28 23 10 25 24 83 35 59 91 22 27 90 24 4 8 41 7 21 4 15 1 1 8 80 20
0 3433 52 22 3 5 1 55 14 90 93 31 7 23 12 8 34 9 61 68 8 56 9 29 51 31 59 4 20 63 14
0 3748 4 3 2 81 23 102 14
0 3844 9 2 17 167 12
0 3906 7
0 3942 1 132 13 36 17 2 3 5 37 36 36 165 9 122 52 107 6 120 73 45 3 15 67
0 3948 20 1 21 80 6 22 13 32 17 15 2 76 38 83 55
0 3957 14
0 3978 55 30 7 54 46 10 14 6 38 50 4 46 34 81 10
0 4361 23 27 44 209 3 57 30 65 30 25 32 34 33
0 4438 101
0 4463 32 76 19 6 3 38 12 38 10
0 4569 14 45 17 55 45 22 7 10 5 11 11 74 5 3 1 35 25 33 6 15 15 50 19
0 4588 1 19 4 27 30 27 23 18 35 28 5 36 44 14 3 17 8
0 4599 8 164 18 70 3 137 75 62 7 70 10 32 15 8 9 210 9 53 1 134 3 7 25 61 14 65 12 39 1 25 15 8 14 35 11
0 4675 2 99 16 23 25 35 14 44 6 47 5 12 53
0 4734 58 34 29
0 4737 47
0 4820 2 9 15 60 1 163 7 71 23 41 3 9 100 66 9 94 46 76 23 32 5 16 4 1 45 63 19 48 18 6 69 73 36 78 8 115 36 112 30 79 3 19 4 65 10 62 2 73 36 32 73 6 79 8 61 7 9 28 17 4 30 61 22 42 1 208 3 108 19 13 30 69 34 64 14 88 15 21 31
0 4837 28 8 27 1 1 11 67 2 10 12 21 16 2 54 1 25 7 27 14
0 5000 7 7 7 3 18 12 7 45 63 2 22 11 22 8 8
0 5088 10
0 5639 20 20 75 14 9 5 20 57 20 13 37 17 12 14 29
0 5738 38 70 12
0 6018 38 11 26 25 6 29 8 24 33 5 40 135 18 40 27 2 26 35 6 42 4 34 58 4 8 158 3 16 41 60 26 52 25 1 12 14 40 173 39 5 11 4 17 42 5 125 8
