0 0 26 176 22
0 297 27 53 34 54 14 37 4 207 25 123 3 533 12 471 7 2 15 122 18 106 13 10 1 159 29 858 65 150 18 563 8 122 41 357 10
0 398 19 175 1 29 15 118 42 76 35 14 2 116 9
0 773 24 116 18 81 49 319 32 148 28 488 4 151 16 13 10 190 29
0 1043 89 68 8 101 16 202 9 16 16
0 1087 6 30 9 267 1 56 11 251 9
0 1138 17 117 10 131 14 200 34 291 7 237 17 726 27 45 6 96 2 274 30 227 11 353 4 513 5 203 1
0 1435 17 3 1 121 34 230 21 102 10 112 23 264 21 314 7 80 22 208 16 125 23 335 58 6 3 507 7 77 21 195 46 514 62
0 1622 11 56 70
0 1702 4 66 9 6 2 73 8 29 21
0 1833 22 97 72 374 5 127 14 306 18 218 2 272 2 35 1 248 11 321 17 154 17 20 1 102 21 201 6 1 27 259 6 34 19 66 38 390 46 55 15 115 27 30 12 175 3 253 12 260 57 310 21 209 12
0 2034 23 109 1
0 2134 15 45 7 14 9 468 15 592 15 27 96
0 2150 5 24 5 475 5 196 71 58 3 164 6 325 17 343 41 15 41
0 2220 7 60 12 146 16 108 77 180 7 7 6 124 5 235 7 144 2 160 15 133 4
0 2301 6 26 11 17 13 570 31 129 16 441 12 249 16 103 8 536 1 46 2 26 17 272 13 385 8 384 18 468 27 882 5 568 7 235 1 26 40 5 66 24 94
0 2369 10 283 23 133 22 248 4 274 21 201 17 485 7 102 7
0 2389 13 263 15 162 11 343 27 595 32 44 28 120 3 208 21 138 8 637 8 69 4 60 21 163 7 42 35 8 40 198 1 279 33 150 19 241 34 71 13 394 1 291 19 163 4 825 3 573 3 85 7 54 38 103 1
0 2655 11 94 63 209 1 118 27 160 9 154 12 18 3
0 2770 3 45 6 71 25 511 7 158 7 38 22 491 16 42 64 647 7 22 12 31 10
0 2892 21 364 48 76 7 146 15 48 11 334 3 15 6 451 27
0 3005 46
0 3107 25 269 84
0 3150 17 135 4 540 11 425 7 63 61 612 2 74 30 19 6
0 3193 23 472 34 104 38 189 5 1039 17
0 3225 13 69 6 290 5 108 23 41 4 146 4 106 11 187 12 113 28 90 10 98 24 331 35 236 91 85 27 357 24 16 8 162 7 81 4 57 1 4 8 320 20
0 3433 52 88 3 19 1 217 14 358 93 124 7 91 12 30 34 33 61 271 8 224 9 114 51 123 59 15 20 252 14
0 3748 4 9 2 322 23 405 14
0 3844 9 7 17 667 12
0 3906 7
0 3942 1 526 13 141 17 8 3 19 37 144 36 659 9 487 52 425 6 480 73 177 3 59 67
0 3948 20 1 21 320 6 88 13 128 17 60 2 304 38 331 55
0 3957 14
0 3978 55 120 7 216 46 40 14 23 38 198 4 181 34 322 10
0 4361 23 105 44 836 3 226 30 260 30 100 32 133 33
0 4438 101
0 4463 32 304 19 23 3 149 12 151 10
0 4569 14 180 17 219 45 88 7 38 5 43 11 295 5 9 1 137 25 129 6 58 15 199 19
0 4588 1 74 4 108 30 108 23 72 35 112 5 141 44 53 3 66 8
0 4599 8 653 18 277 3 545 75 246 7 277 10 127 15 29 9 840 9 212 1 536 3 27 25 243 14 257 12 153 1 99 15 31 14 140 11
0 4675 2 394 16 91 25 140 14 173 6 187 5 46 53
0 4734 58 135 29
0 4737 47
0 4820 2 33 15 237 1 651 7 284 23 161 3 34 100 263 9 373 46 301 23 128 5 64 4 1 45 252 19 190 18 23 69 291 36 311 8 459 36 447 30 314 3 73 4 257 10 247 2 291 36 126 73 23 79 31 61 26 9 112 17 13 30 241 22 165 1 831 3 432 19 52 30 274 34 254 14 349 15 83 31
0 4837 28 31 27 3 1 43 67 8 10 45 21 62 2 214 1 100 7 105 14
0 5000 7 25 7 9 18 47 7 180 63 5 22 41 22 29 8
0 5088 10
0 5639 20 80 75 53 9 19 20 228 20 50 37 68 12 56 29
0 5738 38 279 12
0 6018 38 42 26 99 6 115 8 94 33 18 40 538 18 160 27 7 26 139 6 165 4 134 58 15 8 629 3 61 41 239 26 207 25 1 12 53 40 690 39 18 11 14 17 166 5 499 8
