0 0 18 2 9 18 12
0 64 2 15 1 29 26 11 7 19 2
0 109 5 2 1 21 10
0 236 13 40 19 44 9 2 22 9 1 44 7 3 8
0 320 8
0 329 11 5 1
0 403 2 58 12
0 448 13
0 672 5 10 21
0 857 17 3 10 16 9
0 950 5
0 995 24 9 7
0 1490 25 24 6 3 5 6 19
0 1651 12 6 11
0 1694 2 28 30
0 1744 5 70 4 17 20
0 1950 1 38 1 4 10 12 3
0 2104 5 21 9 10 1 54 14 12 4 18 2 12 17
0 2167 5 19 9 1 11 3 8
0 2741 18 11 2
0 2960 18 12 41 22 6
0 3155 21 29 6 34 15 2 8 19 3
0 3248 15
0 3257 18 34 3 21 4
0 3275 11
0 3524 2 7 1 37 21 2 5
0 3856 41 16 23 66 37
0 3886 5 10 15
0 3995 7 3 37 16 2 6 3
0 4057 14 1 15
0 4649 3
0 4661 13
0 4687 30 15 28
0 4727 11 18 7
0 4744 19 16 2 1 17 28 23 17 4 4 7 25 6 24 32 41 21 33 7 26 5 7 2 24 10 4 5
0 4778 4 37 10 19 4 14 3 6 1
0 4884 1 2 1 12 34 38 8 6 2
0 5116 6 9 4 5 2 29 7
0 5237 63 46 6
0 5474 38
0 5659 4 46 3 18 3 113 9 29 4 12 1 55 4 41 12 11 1
0 5948 6 16 2 9 12 4 3 6 1
0 6565 1 1 4
0 6719 3 17 9
0 6813 2
0 6909 5 67 4
0 7029 10 10 6 5 15
0 7163 14 6 14 19 4 28 2 8 13 29 12 39 5
0 7345 5 18 1
0 7685 3 5 14
