0 0 70 8 254 17 78
0 101 206
0 192 238
0 201 23 2 43 13 64 12 31 19 131 35 76
0 367 38 48 37 3 112
0 382 159 3 32 5 12 6 1 6 39
0 478 20 31 28 1 96
0 611 60 48 91
0 658 284 48 15 70 91
0 662 62
0 699 37
0 862 72 5 196 8 203 15 18 13 44 22 69 29 59
0 1306 70 10 21
0 1347 76 5 9 56 257 18 80
0 1374 16
0 1433 185 31 346
0 1485 189 2 84
0 1549 20 13 34 1 21 10 157 16 306
0 1791 587 4 123 8 76 6 115 13 41 19 79 12 245 19 98
0 2125 4 6 8 4 172 8 8
0 2198 121 2 82 19 82 3 40
0 2324 78 12 32 36 172
0 2507 182
0 2896 82 39 43 7 129
0 2997 220 21 72 15 10 43 36
0 3221 52 10 21 3 213 39 28 44 265 2 30 17 3
0 3571 166 14 27 29 38
0 3781 120 17 58
0 4078 47 1 45
0 4115 266 43 39 23 75
0 4155 97
0 4435 86 5 104
0 4556 140 5 50 1 225 6 109 33 232
0 4690 71 64 51
0 4733 208 12 68 10 308 31 158 11 88 12 124 23 101 18 75 48 48 7 57 19 40 7 272 4 137
0 4831 10 6 85 14 37 2 222 7 13
0 5057 25 24 237 1 51 4 13
0 5486 13 3 38 5 213
0 5732 14
0 5764 160 23 16 6 14
0 5772 19 14 48
0 5981 249 31 58 24 196
0 6573 49
0 6604 43 2 143 16 10 5 15
0 6607 26
0 6897 104
0 6952 11 4 448 18 306
0 6965 62 1 52 34 7 2 46
0 7577 19 8 73 3 29
0 7653 118
