0 0 36 2 17 18 24
0 64 3 15 1 29 52 11 13 19 3
0 109 9 2 1 21 19
0 236 25 40 38 44 17 2 43 9 1 44 14 3 16
0 320 16
0 329 22 5 2
0 403 4 58 24
0 448 26
0 672 9 10 41
0 857 34 3 19 16 17
0 950 10
0 995 47 9 13
0 1490 49 24 11 3 10 6 38
0 1651 24 6 21
0 1694 4 28 60
0 1744 9 70 7 17 39
0 1950 1 38 1 4 19 12 6
0 2104 10 21 18 10 1 54 27 12 8 18 3 12 34
0 2167 10 19 18 1 21 3 16
0 2741 36 11 4
0 2960 36 12 81 22 11
0 3155 41 29 11 34 30 2 15 19 6
0 3248 30
0 3257 35 34 6 21 7
0 3275 22
0 3524 4 7 1 37 42 2 10
0 3856 82 16 45 66 73
0 3886 10 10 29
0 3995 13 3 73 16 3 6 6
0 4057 28 1 30
0 4649 5
0 4661 25
0 4687 59 15 56
0 4727 21 18 13
0 4744 38 16 3 1 33 28 46 17 7 4 14 25 12 24 63 41 42 33 14 26 10 7 4 24 19 4 9
0 4778 8 37 20 19 8 14 6 6 2
0 4884 2 2 2 12 67 38 15 6 3
0 5116 12 9 7 5 3 29 14
0 5237 126 46 11
0 5474 75
0 5659 8 46 6 18 5 113 18 29 7 12 1 55 7 41 23 11 2
0 5948 12 16 3 9 23 4 6 6 2
0 6565 1 1 7
0 6719 5 17 17
0 6813 3
0 6909 9 67 7
0 7029 20 10 11 5 29
0 7163 28 6 27 19 7 28 3 8 25 29 23 39 10
0 7345 10 18 1
0 7685 5 5 27
