0 0 53 2 25 18 35
0 64 4 15 1 29 77 11 19 19 5
0 109 13 2 2 21 28
0 236 37 40 56 44 26 2 64 9 2 44 21 3 24
0 320 24
0 329 32 5 3
0 403 6 58 36
0 448 39
0 672 14 10 62
0 857 51 3 29 16 26
0 950 15
0 995 70 9 20
0 1490 74 24 16 3 15 6 57
0 1651 36 6 31
0 1694 5 28 90
0 1744 13 70 10 17 59
0 1950 1 38 2 4 28 12 8
0 2104 15 21 27 10 2 54 41 12 12 18 4 12 51
0 2167 15 19 26 1 32 3 24
0 2741 54 11 5
0 2960 54 12 121 22 17
0 3155 61 29 16 34 44 2 23 19 9
0 3248 45
0 3257 52 34 8 21 10
0 3275 32
0 3524 5 7 1 37 63 2 15
0 3856 122 16 67 66 109
0 3886 14 10 43
0 3995 20 3 110 16 4 6 9
0 4057 42 1 45
0 4649 7
0 4661 37
0 4687 88 15 84
0 4727 31 18 19
0 4744 57 16 4 1 49 28 68 17 10 4 20 25 18 24 95 41 63 33 21 26 15 7 6 24 29 4 13
0 4778 12 37 30 19 11 14 9 6 3
0 4884 3 2 2 12 100 38 23 6 4
0 5116 18 9 11 5 4 29 20
0 5237 188 46 16
0 5474 113
0 5659 12 46 8 18 8 113 27 29 10 12 2 55 11 41 34 11 3
0 5948 17 16 5 9 34 4 9 6 3
0 6565 1 1 10
0 6719 7 17 25
0 6813 4
0 6909 14 67 10
0 7029 30 10 16 5 44
0 7163 42 6 40 19 11 28 4 8 37 29 35 39 14
0 7345 14 18 2
0 7685 8 5 41
