0 0 2 8 6 17 2
0 101 5
0 192 5
0 201 1 2 1 13 2 12 1 19 3 35 2
0 367 1 48 1 3 3
0 382 4 3 1 5 1 6 1 6 1
0 478 1 31 1 1 2
0 611 2 48 2
0 658 6 48 1 70 2
0 662 2
0 699 1
0 862 2 5 4 8 5 15 1 13 1 22 2 29 2
0 1306 2 10 1
0 1347 2 5 1 56 6 18 2
0 1374 1
0 1433 4 31 7
0 1485 4 2 2
0 1549 1 13 1 1 1 10 4 16 7
0 1791 12 4 3 8 2 6 3 13 1 19 2 12 5 19 2
0 2125 1 6 1 4 4 8 1
0 2198 3 2 2 19 2 3 1
0 2324 2 12 1 36 4
0 2507 4
0 2896 2 39 1 7 3
0 2997 5 21 2 15 1 43 1
0 3221 2 10 1 3 5 39 1 44 6 2 1 17 1
0 3571 4 14 1 29 1
0 3781 3 17 2
0 4078 1 1 1
0 4115 6 43 1 23 2
0 4155 2
0 4435 2 5 3
0 4556 3 5 1 1 5 6 3 33 5
0 4690 2 64 2
0 4733 5 12 2 10 7 31 4 11 2 12 3 23 3 18 2 48 1 7 2 19 1 7 6 4 3
0 4831 1 6 2 14 1 2 5 7 1
0 5057 1 24 5 1 2 4 1
0 5486 1 3 1 5 5
0 5732 1
0 5764 4 23 1 6 1
0 5772 1 14 1
0 5981 5 31 2 24 4
0 6573 1
0 6604 1 2 3 16 1 5 1
0 6607 1
0 6897 3
0 6952 1 4 9 18 7
0 6965 2 1 2 34 1 2 1
0 7577 1 8 2 3 1
0 7653 3
