0 0 88 2 42 18 58
0 64 7 15 1 29 128 11 31 19 8
0 109 21 2 2 21 46
0 236 61 40 93 44 43 2 106 9 3 44 34 3 40
0 320 39
0 329 53 5 5
0 403 10 58 60
0 448 65
0 672 22 10 102
0 857 85 3 48 16 43
0 950 25
0 995 117 9 32
0 1490 123 24 27 3 24 6 95
0 1651 60 6 51
0 1694 8 28 149
0 1744 21 70 16 17 98
0 1950 1 38 3 4 47 12 13
0 2104 25 21 45 10 2 54 67 12 20 18 6 12 84
0 2167 25 19 43 1 52 3 40
0 2741 90 11 9
0 2960 90 12 201 22 28
0 3155 101 29 26 34 74 2 38 19 15
0 3248 74
0 3257 87 34 13 21 16
0 3275 54
0 3524 9 7 1 37 105 2 24
0 3856 203 16 111 66 181
0 3886 23 10 71
0 3995 33 3 183 16 7 6 15
0 4057 70 1 75
0 4649 11
0 4661 61
0 4687 146 15 140
0 4727 51 18 31
0 4744 95 16 6 1 81 28 113 17 16 4 34 25 29 24 158 41 104 33 35 26 25 7 10 24 47 4 21
0 4778 19 37 49 19 18 14 14 6 5
0 4884 4 2 3 12 167 38 38 6 6
0 5116 29 9 18 5 6 29 34
0 5237 313 46 27
0 5474 188
0 5659 20 46 13 18 13 113 44 29 16 12 2 55 17 41 57 11 5
0 5948 28 16 8 9 57 4 15 6 5
0 6565 1 1 17
0 6719 11 17 41
0 6813 7
0 6909 23 67 17
0 7029 49 10 27 5 72
0 7163 69 6 67 19 18 28 6 8 61 29 58 39 23
0 7345 23 18 2
0 7685 13 5 68
